tree
version=v4
num_class=1
num_tree_per_iteration=1
label_index=0
max_feature_idx=119
objective=binary sigmoid:1
feature_names=home_position away_position derived_positionGap home_restDays away_restDays derived_restGap home_form5_matches home_form5_pointsAvg5 home_form5_goalsForAvg5 home_form5_goalsAgainstAvg5 home_form5_winRate5 home_form5_drawRate5 home_form5_lossRate5 home_form5_csRate5 home_form5_ftsRate5 away_form5_matches away_form5_pointsAvg5 away_form5_goalsForAvg5 away_form5_goalsAgainstAvg5 away_form5_winRate5 away_form5_drawRate5 away_form5_lossRate5 away_form5_csRate5 away_form5_ftsRate5 home_form5_pointsWAvg5 home_form5_goalsForWAvg5 home_form5_goalsAgainstWAvg5 away_form5_pointsWAvg5 away_form5_goalsForWAvg5 away_form5_goalsAgainstWAvg5 home_form10_matches home_form10_pointsAvg10 home_form10_goalsForAvg10 home_form10_goalsAgainstAvg10 home_form10_winRate10 home_form10_drawRate10 home_form10_lossRate10 home_form10_csRate10 home_form10_ftsRate10 away_form10_matches away_form10_pointsAvg10 away_form10_goalsForAvg10 away_form10_goalsAgainstAvg10 away_form10_winRate10 away_form10_drawRate10 away_form10_lossRate10 away_form10_csRate10 away_form10_ftsRate10 home_form10_pointsWAvg10 home_form10_goalsForWAvg10 home_form10_goalsAgainstWAvg10 away_form10_pointsWAvg10 away_form10_goalsForWAvg10 away_form10_goalsAgainstWAvg10 home_xg5_sampleSize home_xg5_xgForAvg5 home_xg5_xgAgainstAvg5 home_xg5_xgDiffAvg5 home_xg5_xgForWAvg5 home_xg5_xgAgainstWAvg5 home_xg5_xgDiffWAvg5 away_xg5_sampleSize away_xg5_xgForAvg5 away_xg5_xgAgainstAvg5 away_xg5_xgDiffAvg5 away_xg5_xgForWAvg5 away_xg5_xgAgainstWAvg5 away_xg5_xgDiffWAvg5 home_xg10_sampleSize home_xg10_xgForAvg10 home_xg10_xgAgainstAvg10 home_xg10_xgDiffAvg10 home_xg10_xgForWAvg10 home_xg10_xgAgainstWAvg10 home_xg10_xgDiffWAvg10 away_xg10_sampleSize away_xg10_xgForAvg10 away_xg10_xgAgainstAvg10 away_xg10_xgDiffAvg10 away_xg10_xgForWAvg10 away_xg10_xgAgainstWAvg10 away_xg10_xgDiffWAvg10 derived_pointsGap5 derived_goalForGap5 derived_goalsAgainstGap5 derived_homeSample5 derived_awaySample5 derived_pointsGapW5 derived_goalForGapW5 derived_goalsAgainstGapW5 derived_expectedGoalsTotal5 derived_expectedGoalsAsym5 derived_expectedGoalsTotal10 derived_expectedGoalsAsym10 derived_expectedGoalsTotalW5 derived_expectedGoalsAsymW5 derived_expectedGoalsTotalW10 derived_expectedGoalsAsymW10 derived_bttsSuppress5 derived_bttsSuppress10 lg_8 lg_9 lg_72 lg_82 lg_181 lg_208 lg_244 lg_271 lg_301 lg_384 lg_387 lg_444 lg_453 lg_462 lg_501 lg_564 lg_567 lg_573 lg_591 lg_600
feature_infos=[1:24] [1:24] [-22:22] [2.6875:104.89583587646484] [2.6875:105.10416412353516] [-86.03125:84.854164123535156] none [0:3] [0:4.4000000953674316] [0:4.4000000953674316] [0:1] [0:1] [0:1] [0:1] [0:1] none [0:3] [0:4.4000000953674316] [0:4.1999998092651367] [0:1] [0:1] [0:1] [0:1] [0:1] [0:3] [0:4.3571429252624512] [0:4.7428569793701172] [0:3] [0:4.7857141494750977] [0:4.4571428298950195] [5:10] [0:3] [0.10000000149011612:3.9000000953674316] [0:3.2999999523162842] [0:1] [0:1] [0:1] [0:1] [0:0.89999997615814209] [5:10] [0:3] [0.10000000149011612:4] [0:3.4000000953674316] [0:1] [0:0.83333331346511841] [0:1] [0:1] [0:0.89999997615814209] [0:3] [0.10610932111740112:3.8936169147491455] [0:3.718120813369751] [0:3] [0.06752411276102066:4.2122187614440918] [0:3.4417476654052734] [0:5] [0.33129999041557312:3.5242400169372559] [0.2951200008392334:3.5705399513244629] [-2.8651199340820312:2.5440800189971924] [0.33129999041557312:3.6779000759124756] [0.3142414391040802:3.5530400276184082] [-2.8455729484558105:2.6983785629272461] [0:5] [0.35940000414848328:3.76882004737854] [0.26409998536109924:3.4770400524139404] [-2.4251599311828613:2.8508799076080322] [0.39067715406417847:3.9489572048187256] [0.2519385814666748:3.3624656200408936] [-2.4638471603393555:3.0060315132141113] [0:10] [0.26409998536109924:3.3372199535369873] [0.26409998536109924:3.2222375869750977] [-2.4500374794006348:2.5440800189971924] [0.26409998536109924:3.4629852771759033] [0.26409998536109924:3.344531774520874] [-2.579836368560791:2.6163344383239746] [0:10] [0.29609999060630798:3.1941099166870117] [0.41797998547554016:3.0834500789642334] [-2.3420300483703613:2.4184699058532715] [0.29609999060630798:3.4132747650146484] [0.38098007440567017:3.1137113571166992] [-2.3927450180053711:2.6202044486999512] [-3:2.7999999523162842] [-3.5999999046325684:3.5999999046325684] [-3.4000000953674316:3.2000000476837158] none none [-3:2.8857142925262451] [-3.942857027053833:3.8714284896850586] [-3.4000000953674316:3.6285715103149414] [0.8618999719619751:6.2237601280212402] [0.00028000000747852027:3.9693601131439209] [0.8618999719619751:5.5706768035888672] [0.00023999999393709004:3.6145000457763672] [0.8618999719619751:6.0259742736816406] [0.00022000000171829015:4.4024744033813477] [0.8618999719619751:5.6218767166137695] [3.9228296373039484e-05:3.5502192974090576] [0:1.6000000238418579] [0:1.6000000238418579] [0:1] [0:1] [0:1] [0:1] [0:1] [0:1] [0:1] [0:1] [0:1] [0:1] [0:1] [0:1] [0:1] [0:1] [0:1] [0:1] [0:1] [0:1] [0:1] [0:1]
tree_sizes=3383 3453 3450 3437 3458 3451 3473 3440 3454 3445 3435 3443 3441 3438 3441 3451 3448 3436 3452 3444 3446 3441 3442 3461 3446 3446

Tree=0
num_leaves=31
num_cat=0
split_feature=92 88 32 93 42 59 60 94 72 29 52 69 96 49 63 55 60 50 46 97 87 56 97 4 87 19 42 20 90 94
split_gain=80.6286 22.9404 16.8636 15.485 15.3853 12.4635 11.0122 11.2115 17.3098 12.3959 11.0197 10.9973 10.9876 10.4481 10.0915 11.0609 13.8721 10.073 10.055 10.019 10.008 9.88219 9.57641 9.36751 10.2018 11.8848 9.36738 9.28069 12.5741 9.18953
threshold=3.0461399555206303 0.77857142686843883 2.8166666030883794 1.1823788881301882 0.58571431040763866 1.5278342962265017 -0.085487142205238328 3.1995978355407719 1.6568805575370791 1.1071428656578066 0.96044829487800609 1.2099999785423281 2.4692709445953374 1.6961414217948916 1.6038399934768679 0.85503000020980846 -1.1175771951675413 0.81511253118515026 0.23611111193895343 0.70209389925003063 0.9357142746448518 1.0850700139999392 0.55450257658958446 5.2343750000000009 0.72142857313156139 0.30000000447034841 1.5857142806053164 0.30000000447034841 3.1065399646759038 2.5931600332260136
decision_type=10 2 2 10 2 10 10 10 10 2 2 10 8 2 8 10 10 2 2 10 2 8 10 2 2 2 2 2 10 10
left_child=1 4 6 13 -1 12 27 8 -8 -10 -9 14 17 23 19 -16 -17 -6 29 22 -13 -20 26 -3 25 -25 -7 28 -2 -14
right_child=2 3 -4 -5 5 11 7 10 9 -11 -12 20 18 -15 15 16 -18 -19 21 -21 -22 -23 -24 24 -26 -27 -28 -29 -30 -31
leaf_value=0.022631025237211638 0.13914175228900294 0.026085126738249725 0.13413013233192192 0.11351936304173946 0.010195282392202409 0.068126371023490312 0.03891325379378293 0.13413013233192192 0.041025132856064614 0.10102921124601566 0.083442154278431796 0.0839512154790336 0.074048716141500534 0.085451131778985057 0.043131001734525339 0.13851432061659955 0.074397171974077234 0.049608523104506724 0.079098429097828798 0.062960848663727462 0.031240800883240563 0.049697659630533478 -0.0022758816930058823 0.11033214434474006 0.049808875016418633 0.042914864670699743 0.0098247639919337854 0.076955220623843912 0.095113846065685737 0.053393298837715333
leaf_weight=27.898632675409317 22.988594204187393 16.375564202666283 18.32973650097847 26.751190200448036 18.19364121556282 20.696738451719288 36.731401428580284 11.27983784675598 11.66711390018463 32.816809862852097 217.06457297503948 116.76729500293732 166.41735894978046 78.440225958824158 17.001338511705399 11.26223438978195 33.615400969982147 148.77093949913979 32.599132835865021 84.872300446033478 9.7578018307685834 231.87153775990009 13.091479316353796 21.093667820096019 34.646054789423943 9.4729287475347501 10.32754799723625 34.543651819229126 55.049970015883446 79.605271890759468
leaf_count=114 98 67 78 113 74 86 151 48 48 138 907 488 693 328 70 48 140 614 136 352 40 957 53 89 143 39 42 144 231 329
internal_value=0.0688644 0.0621944 0.08718 0.0783076 0.0592517 0.0602787 0.0851414 0.0802712 0.0643159 0.0852915 0.0859461 0.0684549 0.0564481 0.0724214 0.0608772 0.0774763 0.0904876 0.0453138 0.0600897 0.0529142 0.0798861 0.0533217 0.0335858 0.0598944 0.0683843 0.0894388 0.0487186 0.0985325 0.108084 0.0673653
internal_weight=1650 1209.53 440.472 186.78 1022.75 994.85 422.142 309.56 81.2153 44.4839 228.344 317.392 677.458 160.028 190.867 61.879 44.8776 166.965 510.493 128.988 126.525 264.471 44.1158 81.5882 65.2127 30.5666 31.0243 112.582 78.0386 246.023
internal_count=6858 5015 1843 779 4236 4122 1765 1292 337 186 955 1319 2803 666 791 258 188 688 2115 533 528 1093 181 338 271 128 128 473 329 1022
is_linear=0
shrinkage=1


Tree=1
num_leaves=31
num_cat=0
split_feature=96 42 32 71 71 42 45 0 58 79 32 21 77 92 71 57 89 89 7 76 95 59 73 60 99 26 44 1 71 49
split_gain=62.8057 21.4376 16.8479 16.6571 14.1291 12.9623 12.1037 10.8182 9.18695 12.6688 10.2089 9.41233 11.5961 10.3424 14.4179 9.31494 8.42256 9.83566 8.37613 10.171 16.2501 13.0219 16.1891 12.8283 7.92618 12.8786 8.58844 7.86688 7.87602 7.76212
threshold=2.9571609497070317 0.58571431040763866 2.5277777910232548 0.72685500979423534 -0.53080499172210682 2.4142857789993291 0.78888890147209179 9.5000000000000018 1.5920550227165224 0.968572497367859 1.5857142806053164 0.30000000447034841 1.1819149851799013 2.6466449499130253 0.15929833799600604 -0.2128999978303909 0.0071428571827711904 0.60714286565780651 0.5000000149011613 2.1903849840164189 1.2014749646186831 1.4986857175827029 1.7391303777694704 -0.24008856713771817 0.60952383279800426 1.2214285731315615 0.41428571939468389 6.5000000000000009 -0.58220499753952015 1.4764036536216738
decision_type=10 2 2 10 10 2 2 2 10 10 2 2 8 10 10 10 2 2 2 10 10 10 10 10 2 2 2 2 10 2
left_child=1 -1 4 5 -2 7 -7 8 11 -10 -11 13 -13 14 15 24 -15 -18 -6 21 -21 -20 -23 -24 25 -3 -26 28 -14 -9
right_child=2 3 -4 -5 18 6 -8 29 9 10 -12 12 27 16 -16 -17 17 -19 19 20 -22 22 23 -25 26 -27 -28 -29 -30 -31
leaf_value=-0.052875488410134779 0.039819991554357288 -0.069627159194464966 0.043715274546425084 0.038741416172197923 -0.02995643189108706 -0.0050829155872956985 0.064871273642859717 -0.016297093000270248 0.019369269839069114 -0.065315841905495678 -0.012649291342241027 -0.032955360887569139 0.0078996802569995094 0.04474355098804976 -0.075499236376783074 0.02744578007422533 -0.038377277934777208 0.029960081163556553 -0.00037442041093658395 0.066320756968777816 0.0027946598604818187 0.032641332132824739 0.015062221382387296 -0.053876391607212804 0.0037998055698573114 -0.005275805125038135 -0.044520700835253509 0.0028460815521469261 0.049472943687775682 0.00093404182080551647
leaf_weight=27.730374187231064 34.77661058306694 16.519950181245807 38.207470193505287 18.452979847788811 15.051910266280172 13.723085999488832 11.254711896181105 548.14169210195541 12.395038485527037 18.467440828680992 18.338353291153908 19.219620451331139 26.362150281667709 12.528347566723822 10.387370288372038 12.141450881958006 11.455369159579279 9.744146600365637 268.98496635258198 18.518882870674133 22.056774377822876 75.183153674006462 17.414995566010479 11.017258733510969 39.610864073038101 14.687242195010183 11.976164177060125 185.0730347186327 20.062630280852318 74.204812735319138
leaf_count=113 147 67 162 78 62 57 48 2267 52 75 76 79 110 53 42 51 47 41 1120 79 92 317 73 45 165 61 49 771 85 309
internal_value=-0.00293276 -0.00945476 0.0118036 -0.00836485 0.00917018 -0.00916505 0.0264376 -0.0100029 -0.00399226 -0.0243512 -0.0390749 -0.00142233 0.00436409 -0.0118556 -0.0195722 -0.013453 0.0122413 -0.00696669 0.00668109 0.00801579 0.0317882 0.005427 0.0204875 -0.0116509 -0.0194506 -0.0393411 -0.00741802 0.00746246 0.0258657 -0.0142426
internal_weight=1633.69 1132.48 501.212 1104.75 463.005 1086.29 24.9778 1061.32 438.969 49.2008 36.8058 389.768 250.717 139.051 105.323 94.9357 33.7279 21.1995 428.228 413.176 40.5757 372.6 103.615 28.4323 82.7942 31.2072 51.587 231.498 46.4248 622.347
internal_count=6793 4696 2097 4583 1935 4505 105 4400 1824 203 151 1621 1045 576 435 393 141 88 1788 1726 171 1555 435 118 342 128 214 966 195 2576
is_linear=0
shrinkage=0.05


Tree=2
num_leaves=31
num_cat=0
split_feature=92 49 42 80 31 60 76 26 67 77 93 69 22 29 26 36 27 91 62 78 95 69 79 1 63 62 53 71 24 60
split_gain=68.7515 20.8514 17.9476 15.2024 13.7738 13.014 12.072 11.7591 11.1637 12.2074 10.2448 10.2398 9.93417 9.78487 10.7624 8.95279 8.54898 9.73755 11.7693 9.05699 8.28716 11.4011 8.2657 8.21191 9.92549 8.15241 8.12184 9.31565 8.0332 8.74223
threshold=2.7136199474334721 2.4163987636566167 1.105555593967438 1.1654258370399477 1.2928571105003359 -0.75083142518997181 2.0700149536132817 2.0500000715255742 -0.91096714138984669 1.6904188394546511 1.2903466224670412 1.072461783885956 0.70000001788139354 1.0785714387893679 2.3928571939468388 0.31666667759418493 2.7285714149475102 1.8139200210571291 2.0033400058746342 0.51970499753952037 1.1474150419235232 1.292628347873688 0.99545112252235424 6.5000000000000009 1.6197800040245058 1.947440028190613 1.6239776611328127 -0.90513998270034779 1.6928571462631228 -0.58182358741760243
decision_type=10 2 2 8 2 8 10 2 8 10 8 8 2 2 2 2 2 10 10 10 10 10 10 2 10 10 2 10 2 8
left_child=3 6 -3 10 5 23 7 12 15 11 -1 -10 16 14 -9 22 17 18 25 -20 -8 -22 -6 -5 26 -2 27 -25 29 -7
right_child=1 2 -4 4 8 28 20 13 9 -11 -12 -13 -14 -15 -16 -17 -18 -19 19 -21 21 -23 -24 24 -26 -27 -28 -29 -30 -31
leaf_value=-0.036293590424546426 0.00051532926768827478 -0.0058310735856765411 0.054198078296445407 0.031538606151709989 -0.022196545862728609 -0.04224521484465342 0.043733459671711043 0.025938949467787294 -0.033729091725786885 -0.033066828961134852 0.0047846402742620737 0.00032913410010549022 -0.046772647263031319 0.035275577082494923 -0.037717564642369167 0.054337827224211627 0.044264486371288742 0.032484543292564429 -0.0012511949800726157 -0.04617556789042436 0.033337886359288929 -0.014855491670276527 0.037885565351932493 -0.037589548552849669 0.013994199976063451 0.040076472366951388 -0.052685761201031994 0.016110958470578425 -0.052566994844869847 -0.015478404338736025
leaf_weight=90.209605649113655 383.37423568964005 17.504164978861809 43.13596323132515 17.576496303081512 13.067956909537317 33.946822211146355 32.524342641234398 14.977535456418993 23.870272949337959 35.744173675775528 18.248680546879768 292.51358433067799 10.756615027785299 48.793259605765343 11.92778906226158 14.35546764731407 11.573783248662947 22.992376446723938 21.126005962491035 23.924403995275497 26.75757209956646 22.668489262461662 10.186606273055075 14.389545917510981 35.120139822363853 13.480205550789831 14.227882012724875 18.406464532017711 17.905173435807228 300.85815265774727
leaf_count=370 1597 73 184 74 54 139 138 63 98 147 76 1217 44 206 49 61 49 97 88 98 113 94 43 59 147 57 58 77 73 1244
internal_value=-0.00298633 0.00883901 0.0368703 -0.0117626 -0.00949352 -0.0154283 0.00620313 0.00359294 -0.00260402 -0.00536962 -0.029382 -0.00224046 0.000744491 0.0219268 -0.00228154 0.0232892 0.00181722 0.000760478 -0.00089013 -0.0251087 0.0241328 0.0112347 0.00412228 0.000520042 -0.00611705 0.00185913 -0.0211373 -0.00745062 -0.0199374 -0.0181924
internal_weight=1656.14 705.517 60.6401 950.627 842.169 452.431 644.877 562.926 389.738 352.128 108.458 316.384 487.228 75.6986 26.9053 37.61 476.471 464.897 441.905 45.0504 81.9504 49.4261 23.2546 99.7205 82.144 396.854 47.0239 32.796 352.71 334.805
internal_count=6887 2950 257 3937 3491 1871 2693 2348 1620 1462 446 1315 2030 318 112 158 1986 1937 1840 186 345 207 97 415 341 1654 194 136 1456 1383
is_linear=0
shrinkage=0.05


Tree=3
num_leaves=31
num_cat=0
split_feature=92 93 32 59 70 81 59 32 46 87 53 80 1 28 45 2 91 4 94 2 24 93 67 89 51 1 70 74 0 53
split_gain=51.8382 13.7001 12.5874 12.0739 12.4481 11.3604 10.9405 10.9026 10.5317 9.50123 9.33997 10.7027 9.26572 9.11264 8.76191 8.57173 8.75359 8.42863 8.66177 9.10382 8.40536 9.75972 8.06344 9.43395 8.33131 8.11295 7.95146 10.2823 8.08396 7.93315
threshold=2.676070094108582 1.3596950173377993 1.4365079402923586 1.8865278363227846 2.0010821819305424 -1.0524871349334715 1.2729728221893313 2.5277777910232548 0.38750000298023229 -1.8928571343421934 1.8440514206886294 0.84416139125823986 1.5000000000000002 2.5071429014205937 0.18333333730697635 -7.4999999999999991 1.7341799736022951 8.2343750000000018 2.1456321477890019 -12.499999999999998 1.8214285969734194 0.630763739347458 0.57480931282043468 -0.078571431338787065 1.4186186194419863 6.5000000000000009 1.2609549760818484 0.2419959753751755 14.500000000000002 1.0080385804176333
decision_type=10 10 2 10 10 8 10 2 2 2 2 10 2 2 2 2 10 2 10 2 2 8 10 2 2 2 10 10 2 2
left_child=2 6 9 -3 -5 -4 7 10 22 -1 11 -2 -10 15 -13 17 20 18 19 -11 -17 -22 29 -24 -25 -26 -14 28 -28 -8
right_child=1 3 5 4 -6 -7 8 -9 12 13 -12 14 26 -15 -16 16 -18 -19 -20 -21 21 -23 23 24 25 -27 27 -29 -30 -31
leaf_value=-0.050725680982426351 -0.038684181790442689 0.030627965603221265 0.044971608351622838 -0.038617476467201567 0.029656730285751311 -0.0033174322419920136 -0.030541623092201483 0.036230721437019463 0.036306514678266073 -0.029084089577741147 -0.034753453102143492 0.020775453236086188 -0.045103089272334293 0.035306563465360534 -0.004664111958420627 -0.014989541439757594 0.026459708919262182 0.033718528434146196 -0.0325572334696047 0.024870313855108808 -0.064346726980961597 -0.01933061033218824 -0.0037366933962058868 0.080435400538447416 0.046372818573077859 -0.0044204208324338844 -0.024907848055246942 0.033423930941268776 0.024549400400569677 0.012433555339733678
leaf_weight=17.405376866459846 19.231470331549644 94.090620473027229 12.9626487493515 14.582441583275797 12.313746958971022 201.65031504631042 11.412280857563017 16.209662228822708 11.824148938059805 11.422426313161848 25.535714760422707 41.903025314211845 14.151535660028456 9.5023386776447278 176.05240201950073 533.88133741915226 11.904456719756125 16.386304616928101 20.937877878546715 24.777806326746941 19.223255470395088 32.223458409309387 15.123512193560599 10.701296404004095 24.733221232891083 11.524682551622389 39.228488147258759 14.453005775809286 10.466927528381346 181.93156087398529
leaf_count=71 79 398 55 60 52 838 47 69 50 47 105 176 58 40 732 2207 50 69 86 104 78 133 63 46 105 48 162 61 44 762
internal_value=-0.00299755 0.00678347 -0.0109901 0.022183 -0.00735984 -0.000400768 0.00379998 -0.00356608 0.00974594 -0.0142476 -0.00602149 -0.00292819 -0.00494927 -0.0133143 0.000226772 -0.014003 -0.0159862 0.00210629 -0.0069596 0.00784583 -0.0168495 -0.036151 0.014931 0.0306085 0.0416695 0.030228 -0.0111793 -0.00369556 -0.0144911 0.00989691
internal_weight=1657.75 745.47 912.278 120.987 26.8962 214.613 624.483 278.932 345.551 697.665 262.723 237.187 90.1241 680.259 217.955 670.757 597.233 73.5244 57.1381 36.2002 585.328 51.4467 255.427 62.0827 46.9592 36.2579 78.3 64.1484 49.6954 193.344
internal_count=6895 3117 3778 510 112 893 2607 1161 1446 2885 1092 987 375 2814 908 2774 2468 306 237 151 2418 211 1071 262 199 153 325 267 206 809
is_linear=0
shrinkage=0.05


Tree=4
num_leaves=31
num_cat=0
split_feature=96 42 93 28 4 24 5 59 77 46 71 69 60 60 62 77 4 52 60 74 59 63 67 29 27 18 35 66 3 53
split_gain=44.0118 19.4379 16.7284 12.5951 12.1364 13.2432 10.6938 12.0425 10.2717 9.82614 9.36871 9.15406 11.2818 12.1926 10.7199 11.6322 10.9039 11.8982 11.4725 9.75922 10.1003 9.54346 8.82275 8.61454 10.806 8.69846 8.44133 8.18582 8.03238 9.03422
threshold=2.9571609497070317 0.58571431040763866 1.3433750271797182 0.45714285969734197 13.963541507720949 2.7285714149475102 -0.23437499999999997 1.1000435948371889 2.1857949495315556 0.21111111342906955 0.076299998909235014 1.2099999785423281 -0.76001286506652821 -0.55437356233596791 1.2803900241851809 1.7082200050354006 6.1302082538604745 1.1768859624862673 -0.26730714738368982 -0.51081013679504383 1.0367914438247683 1.6151700019836428 -0.67567929625511158 1.7214285731315615 1.2071428894996645 2.3000000715255742 0.21111111342906955 1.4227628707885744 5.2031250000000009 0.86869898438453685
decision_type=10 2 10 2 2 2 2 10 10 2 8 8 10 10 10 10 2 2 8 10 10 10 10 2 2 2 2 10 2 2
left_child=1 -1 23 -3 5 8 7 -4 11 22 -11 12 21 -14 28 16 -16 -18 -19 27 -21 -5 -6 24 -2 -25 -9 -15 29 -13
right_child=2 3 6 4 9 -7 -8 26 -10 10 -12 14 13 19 15 -17 17 18 -20 20 -22 -23 -24 25 -26 -27 -28 -29 -30 -31
leaf_value=-0.051079394657520975 0.030419358640137145 0.0130199652707409 0.051679349915673661 -0.0149253527705775 0.042192400322271298 0.04837455029041865 0.040829427179167266 0.011197819779246557 0.02751204882743441 0.013417090780268879 -0.029441401075900615 0.019019667447928681 -0.046988907216971576 0.035200071335166873 0.034341186117329767 -0.028068313898320041 0.032333079774191906 0.01217724333336623 -0.042349750243966089 0.00053181579651253176 -0.03203449248029757 0.018587650857567532 0.0035473487491391245 -0.017190247352462242 0.0048878538659678705 0.021607162931685731 -0.049388314023283308 -0.021527913206334154 -0.008081570244432193 -0.028320776890037681
leaf_weight=26.014180868864059 48.789552912116051 71.010666623711586 10.036321878433226 75.481582373380661 26.494617536664009 9.4308929294347745 60.841504886746407 14.024640932679178 16.847909182310104 24.172010689973831 26.987102463841438 11.231001779437063 50.447581738233566 14.021827235817911 36.541484072804451 21.120682626962662 18.518224745988846 18.403283417224884 20.273496121168137 31.286810174584389 99.613898485898972 29.563315942883492 33.372212737798691 68.478512763977051 275.23589415848255 18.309811159968376 9.7432210594415647 11.636937990784643 379.59704633057117 98.147698268294334
leaf_count=106 206 297 43 312 112 40 259 59 71 101 111 47 206 59 154 87 78 77 83 130 409 124 139 284 1151 77 40 48 1574 404
internal_value=-0.00294639 -0.00835046 0.00935101 -0.00736171 -0.00873593 -0.0105784 0.0283017 0.00575416 -0.0111745 0.0068996 -0.00919133 -0.0118862 -0.0188396 -0.025612 -0.00829272 0.00545313 0.0130062 -0.000624617 -0.0164046 -0.0187238 -0.0242508 -0.00549362 0.0206501 0.00498503 0.00873221 -0.00900512 -0.0136384 0.00947241 -0.0115215 -0.0234599
internal_weight=1655.67 1150.21 505.459 1124.2 1053.19 942.164 94.6457 33.8042 932.733 111.026 51.1591 915.885 312.052 207.007 603.833 114.857 93.7365 57.195 38.6768 156.559 130.901 105.045 59.8668 410.814 324.025 86.7883 23.7679 25.6588 488.976 109.379
internal_count=6888 4769 2119 4663 4366 3903 401 142 3863 463 212 3792 1288 852 2504 479 392 238 160 646 539 436 251 1718 1357 361 99 107 2025 451
is_linear=0
shrinkage=0.05


Tree=5
num_leaves=31
num_cat=0
split_feature=96 53 28 0 97 79 91 5 92 3 89 3 52 81 33 81 50 69 73 33 3 42 67 96 53 41 35 87 1 31
split_gain=49.4348 16.9143 15.2368 14.3962 12.648 12.9807 11.5397 11.4068 9.95712 9.3938 9.35916 10.7588 10.0676 9.90102 9.6445 8.88772 8.36936 8.32395 13.1008 8.19149 10.8174 9.71575 8.13681 7.96096 8.00059 9.1799 7.37299 8.44971 7.23573 7.2098
threshold=2.9459604024887089 0.65026217699050914 0.45714285969734197 18.500000000000004 1.1205179691314699 2.1374269723892216 1.7341799736022951 0.96354165673255932 2.560595035552979 7.0850694179534921 -0.72142857313156117 8.6614584922790545 1.8279742598533633 0.72937121987342846 1.0500000119209292 0.91007941961288463 0.85048231482505809 1.6136200428009035 1.3544880151748659 0.94999998807907116 3.0052083730697636 2.0499999523162846 -0.29279714822769159 2.9265047311782841 1.0135483145713808 1.8452380895614626 0.26785714924335485 -0.29285715520381922 1.5000000000000002 2.1833333969116215
decision_type=10 2 2 2 10 10 10 2 8 2 2 2 2 10 2 10 2 8 10 2 2 2 10 10 2 2 2 2 2 2
left_child=1 -1 17 6 5 10 8 9 16 -5 11 12 -2 28 -15 -16 -4 18 -3 -10 -21 23 -11 24 26 -26 27 -22 -12 -6
right_child=4 2 3 7 29 -7 -8 -9 19 22 13 -13 -14 14 15 -17 -18 -19 -20 20 21 -23 -24 -25 25 -27 -28 -29 -30 -31
leaf_value=-0.036491720824185274 0.011633249473386077 -0.03324662177692557 -0.039696994939474435 -0.029156327575591185 0.016040482087675965 0.036581178405481515 0.026366383455040967 -0.062474634910057336 0.0091951418653158697 0.033199757321011089 0.045992572483595451 -0.056743718720307312 -0.040888370417916896 -0.047839811518582354 -0.024162188353303322 0.025760324754786314 -0.012197673461470049 0.039878798808401617 0.023035327720753462 0.037870086660315744 -0.019947042428133818 0.021061220221397288 -0.026319814163562685 -0.053240133711114204 -0.0078944769286009957 0.019636621660724093 -0.009283967004779169 -0.067468283499411544 0.0081754731715383069 0.041747620156244537
leaf_weight=52.184376388788223 29.829208016395569 16.052552431821823 30.513831555843353 61.555342987179756 106.47495254874229 30.13588248193264 25.370837330818176 18.224822163581848 99.88986212015152 13.55851671099663 13.416873589158056 12.743616238236426 13.144834175705908 14.898582473397253 18.378820359706879 17.314271003007889 296.73963291943073 23.165144488215446 29.051844447851181 13.278996065258978 24.729278787970543 27.152616396546364 9.9605106860399228 10.288506880402563 283.79427124559879 33.894473612308502 51.66803851723671 15.045274615287779 220.9228168129921 36.666974097490311
leaf_count=214 125 66 125 253 449 128 107 74 417 57 57 52 54 61 76 73 1228 98 122 56 102 114 41 42 1177 142 214 61 925 157
internal_value=-0.00286639 -0.00868712 -0.00734851 -0.00888544 0.0100013 0.00512765 -0.00688243 -0.0265766 -0.00783345 -0.0188864 0.00234508 -0.0163966 -0.00443198 0.00600997 -0.0140497 5.45967e-05 -0.0147618 0.0155168 0.00300471 -0.0037828 -0.0066019 -0.00792429 0.00799271 -0.00980076 -0.00870839 -0.00495716 -0.0217408 -0.0379226 0.0103407 0.0226256
internal_weight=1650.05 1136.12 1083.93 1015.66 513.927 370.785 912.366 103.299 886.995 85.0744 340.649 55.7177 42.974 284.931 50.5917 35.6931 327.253 68.2695 45.1044 559.741 459.851 446.572 23.519 419.42 409.131 317.689 91.4426 39.7746 234.34 143.142
internal_count=6867 4710 4496 4210 2157 1551 3785 425 3678 351 1423 231 179 1192 210 149 1353 286 188 2325 1908 1852 98 1738 1696 1319 377 163 982 606
is_linear=0
shrinkage=0.05


Tree=6
num_leaves=31
num_cat=0
split_feature=96 42 51 32 71 49 64 12 32 53 39 4 46 82 3 37 92 58 57 43 57 107 36 82 52 47 60 5 29 96
split_gain=39.3155 16.0829 12.7514 12.2559 11.4102 10.0144 9.64361 9.82317 9.40583 9.76178 8.91033 9.23844 9.56695 9.02507 8.37873 8.48253 7.76432 8.70319 7.33453 10.4576 11.5857 9.35516 8.27378 8.07866 10.4523 7.81679 12.4255 9.22565 9.56021 7.72326
threshold=2.9571609497070317 0.58571431040763866 0.20739549398422244 2.5277777910232548 -0.56966000795364369 1.6502621769905093 -0.98565000295639027 0.30000000447034841 1.866071403026581 1.1199837923049929 5.5000000000000009 13.963541507720949 0.18333333730697635 0.30000000447034841 8.9427084922790545 0.26785714924335485 2.5993050336837773 1.2084378600120547 -1.0288699865341184 0.18333333730697635 -1.2373700141906736 1.0000000180025095e-35 0.61250001192092907 -1.6999999880790708 2.1782302856445317 0.31666667759418493 0.38920427858829504 -0.10937499999999999 0.56428572535514843 2.4958902597427373
decision_type=10 2 2 2 10 2 8 2 2 2 2 2 2 2 2 2 10 10 8 2 8 2 2 2 2 2 10 2 2 8
left_child=1 -1 -3 4 -2 10 -7 8 -8 -10 -4 18 13 -13 15 -9 17 -14 19 -12 -21 22 23 -20 25 26 27 -25 -29 -30
right_child=3 2 5 -5 -6 6 7 14 9 -11 11 12 16 -15 -16 -17 -18 -19 21 20 -22 -23 -24 24 -26 -27 -28 28 29 -31
leaf_value=-0.045563331996693629 0.036245628617940458 0.039489136692725718 0.02597849667085559 0.035534443506600233 0.0048272056688581037 0.041610720833561536 0.02567589675349187 -0.022852669041357077 -0.043260406862037408 0.0076984417559303985 -0.040273761906513161 0.0038600319855087795 -0.0044213808121117406 0.062636608218529843 -0.054509537455183943 0.023171269778492612 0.023515085934174857 -0.056000307893427005 -0.049694738291857415 -0.0080757240396881532 0.036628924610188761 0.03572171286746946 -0.031090275091360944 -0.024637353878437407 0.031077687471769512 -0.0049365391995102462 -0.049468302718558066 0.029590056439044402 -0.024848296043757379 -0.0052032044045185015
leaf_weight=27.113822758197784 30.95083487033844 14.814254924654959 17.640685483813286 40.657268553972244 435.62624254822731 15.512527257204054 47.596250474452972 28.337562814354897 12.702767208218573 36.121907249093056 11.213443055748938 14.398546159267427 39.522953689098358 11.952620670199392 11.522013977169989 15.480689436197279 17.626753434538841 10.312462523579596 13.968588903546332 31.570710256695747 26.792317748069763 9.7199918627738935 62.321597784757614 135.26039101183414 14.257003873586653 236.86168502271175 26.454411670565605 15.476023510098456 70.697810769081116 171.1387300491333
leaf_count=111 132 63 74 175 1824 66 200 117 52 151 46 60 164 51 47 65 74 42 57 131 113 41 256 557 60 983 108 65 291 710
internal_value=-0.00238466 -0.00751294 -0.00659119 0.00920565 0.00691138 -0.00720927 0.00406028 0.000221997 0.00985919 -0.00555958 -0.00922071 -0.00989598 0.00497262 0.0305205 -0.0165692 -0.00659273 -0.00500655 -0.0150946 -0.0115852 0.00394975 0.0124465 -0.0130147 -0.0136493 -0.0120605 -0.011276 -0.0121966 -0.0163005 -0.0140654 -0.00850815 -0.0109462
internal_weight=1653.62 1146.39 1119.27 507.234 466.577 1104.46 167.274 151.761 96.4209 48.8247 937.187 919.546 93.8133 26.3512 55.3403 43.8183 67.4622 49.8354 825.733 69.5765 58.363 756.156 746.436 684.115 670.146 655.889 419.027 392.573 257.313 241.837
internal_count=6886 4755 4644 2131 1956 4581 698 632 403 203 3883 3809 391 111 229 182 280 206 3418 290 244 3128 3087 2831 2774 2714 1731 1623 1066 1001
is_linear=0
shrinkage=0.05


Tree=7
num_leaves=31
num_cat=0
split_feature=96 42 88 78 33 49 22 29 24 48 12 87 52 57 49 52 22 44 28 83 64 27 98 20 109 76 48 25 27 31
split_gain=37.3377 18.3944 14.1588 13.5037 9.43765 10.3452 14.2746 12.4755 11.5513 11.064 9.26341 8.39996 10.2433 12.0056 10.4004 13.0057 11.1906 11.1129 8.94559 8.69408 11.1304 12.0677 8.402 8.3116 8.12076 10.6278 7.83345 10.3515 7.80764 7.66788
threshold=2.9571609497070317 0.58571431040763866 0.77857142686843883 -1.019829988479614 2.2539683580398564 2.4581993818283085 0.30000000447034841 1.7214285731315615 0.49285714328289038 1.4696260094642641 0.30000000447034841 -1.8928571343421934 1.5306579470634463 -0.85547000169754017 1.2742398381233218 1.6596790552139284 0.30000000447034841 0.23611111193895343 2.5357142686843877 -1.1000000238418577 0.48751999437808996 1.2214285731315615 0.70000001788139354 1.0000000180025095e-35 1.0000000180025095e-35 1.6121000051498415 1.6824730038642886 1.9642856717109682 2.2928571701049809 0.94999998807907116
decision_type=10 2 2 8 2 2 2 2 2 2 2 2 2 8 2 2 2 2 2 2 10 2 2 2 2 10 2 2 2 2
left_child=1 -1 11 -4 5 7 -7 8 -2 23 -5 -3 19 -14 15 17 -16 -15 -17 -13 28 -22 -18 -9 -10 -26 -11 -28 -21 -12
right_child=4 2 3 10 -6 6 -8 9 24 26 29 12 13 14 16 18 22 -19 -20 20 21 -23 -24 -25 25 -27 27 -29 -30 -31
leaf_value=-0.048125718867378382 -0.034991866529845837 -0.039230104211746969 0.05421067829499121 0.012211440353927896 0.045764774902494178 0.046612886148740387 -0.0077000666628662777 -0.027552865273330715 0.013083244316299114 -0.05363113934877467 0.022838517172230715 -0.052146334867864824 0.031156211371114285 0.046830350919687673 0.025025618595484279 -0.0292130328515562 -0.035711418627969685 -0.011281569476025741 0.021063237060301124 -0.012985763630946202 0.064003494462833418 -0.0028250233913466555 0.012607579479114853 0.024966883165898068 0.021391962421841132 -0.048815200286386015 0.011987935169990686 -0.040056729659173507 0.030053275434010665 -0.020483533805866774
leaf_weight=27.792178079485893 14.284959405660627 22.94396036863327 13.496220633387564 94.084250628948212 16.356929033994675 35.069119364023209 18.468486562371254 10.632769152522085 302.21300782263279 17.363167807459831 12.624917298555372 13.005930155515669 28.007073581218719 14.191801354289053 49.521855890750885 76.859855204820633 18.038630843162537 19.573518708348274 9.9985030293464643 640.67636497318745 9.8675605058670062 21.417179360985756 17.948703855276108 25.841857552528381 9.5079744756221789 12.447073251008986 19.790167048573494 18.471814185380936 10.713636443018911 53.487127766013145
leaf_count=114 59 94 58 394 70 152 78 44 1271 71 53 53 118 60 208 316 74 81 42 2651 42 89 75 109 40 51 83 76 45 221
internal_value=-0.00299563 -0.00794118 -0.00694974 0.00617915 0.00841095 0.0071488 0.0278769 0.00457133 0.00901117 -0.0117444 0.00213259 -0.00934318 -0.0086057 0.000440302 -0.00373304 -0.0131891 0.00960622 0.0131433 -0.0234256 -0.0116502 -0.0108787 0.0182534 -0.0116123 0.00965678 0.0109502 -0.0184109 -0.0257776 -0.0131378 -0.0122779 -0.0122106
internal_weight=1654.7 1154.25 1126.46 173.693 500.447 484.09 53.5376 430.553 338.453 92.0998 160.196 952.765 929.821 234.14 206.133 120.624 85.5092 33.7653 86.8584 695.681 682.675 31.2847 35.9873 36.4746 324.168 21.955 55.6251 38.262 651.39 66.112
internal_count=6892 4788 4674 726 2104 2034 230 1804 1421 383 668 3948 3854 974 856 499 357 141 358 2880 2827 131 149 153 1362 91 230 159 2696 274
is_linear=0
shrinkage=0.05


Tree=8
num_leaves=31
num_cat=0
split_feature=96 42 49 26 64 32 80 28 33 4 29 81 25 4 57 76 71 45 25 25 49 73 69 62 49 93 36 28 26 31
split_gain=36.4232 13.8425 14.1211 12.1545 11.8477 11.4296 10.2967 10.1403 9.94388 8.07843 7.99195 8.4757 7.87014 8.90953 9.58079 8.19632 14.041 9.26091 7.72732 7.35454 10.892 7.32458 10.0879 9.33386 9.80709 11.2724 10.1473 9.52803 9.29007 10.0521
threshold=2.9571609497070317 0.58571431040763866 1.6502621769905093 0.80714285373687755 -0.91290998458862294 2.5277777910232548 1.6031554937362673 0.45714285969734197 2.2539683580398564 6.9010417461395273 1.7214285731315615 -0.41464130580425257 1.6928571462631228 13.963541507720949 -0.075940001755952821 1.3423100113868716 -0.10021999850869177 0.43650794029235845 1.5357143282890322 2.4214285612106328 1.8750214576721194 1.9320853948593142 1.2099999785423281 1.2186799645423891 1.0525690913200381 0.17719500511884692 0.26785714924335485 1.3071428537368777 0.57857143878936779 0.70714285969734203
decision_type=10 2 2 2 8 2 10 2 2 2 2 10 2 2 10 10 8 2 2 2 2 10 8 10 2 10 2 2 2 2
left_child=1 -1 7 -4 -5 8 18 -3 10 -7 11 -2 13 21 -15 16 -14 -18 -6 20 -12 22 28 -24 25 -25 -26 -27 -9 -30
right_child=5 2 3 4 6 9 -8 12 -10 -11 19 -13 15 14 -16 -17 17 -19 -20 -21 -22 -23 23 24 26 27 -28 -29 29 -31
leaf_value=-0.042555403526190111 0.045200063700751913 0.010497114125225769 0.036118751110724504 0.040108494276291956 -0.038748148177934386 0.0078433789897779226 -0.036406104515563496 -0.066029342726245333 0.043596409865638411 0.053596806062765623 -0.0025372607254365992 0.00677112972927367 -0.086300782131842071 -0.0030762368375661041 0.03673351599477942 0.0076667315794690209 -0.040937807317250184 0.015525140906847585 0.0066267159938387015 0.027699164717588126 -0.043411955248229744 0.0041246749649716339 -0.012044889996395525 0.070421673506882013 0.030210412401625888 0.041316760977225808 -0.015877820752916914 -0.024811271360645856 -0.036645545621930863 -0.012581759519696185
leaf_weight=27.61993545293808 14.983420267701147 61.892681062221527 29.018355041742325 16.600986316800117 10.490848109126089 16.684833124279976 21.393919840455055 10.837126612663267 17.22711318731308 22.873920410871506 63.752902016043663 338.46838495135307 11.429622679948805 65.438078954815865 19.652245670557022 12.21455281972885 21.493797272443771 10.967943102121351 88.846462815999985 12.762341737747191 21.895841106772423 72.706552088260651 335.0479087382555 10.551153197884558 15.442447140812872 10.640876501798632 52.701877951622009 11.160221561789511 58.055241286754608 171.89010056853294
leaf_count=114 64 259 123 71 43 72 88 44 74 100 266 1421 46 272 83 51 88 46 371 54 90 303 1386 45 65 45 218 46 238 711
internal_value=-0.00264567 -0.00758756 -0.00672406 0.00671676 0.000504111 0.00848945 -0.00494164 -0.00907238 0.00631289 0.0342992 0.00489147 0.0084002 -0.0104329 -0.00921366 0.00611812 -0.0285597 -0.0386412 -0.0218605 0.00183475 -0.00771044 -0.0129868 -0.0109554 -0.0125765 -0.00803616 0.00532863 0.0279973 -0.00543359 0.00746509 -0.0207894 -0.0186572
internal_weight=1654.74 1146.09 1118.47 166.351 137.332 508.649 120.731 952.122 469.09 39.5588 451.863 353.452 890.23 834.124 85.0903 56.1059 43.8914 32.4617 99.3373 98.4111 85.6487 749.034 676.327 435.544 100.497 32.3523 68.1443 21.8011 240.782 229.945
internal_count=6897 4756 4642 696 573 2141 502 3946 1969 172 1895 1485 3687 3456 355 231 180 134 414 410 356 3101 2798 1805 419 136 283 91 993 949
is_linear=0
shrinkage=0.05


Tree=9
num_leaves=31
num_cat=0
split_feature=92 93 51 59 67 70 5 8 62 70 3 27 1 69 77 76 43 91 88 34 93 5 88 0 99 70 56 48 36 99
split_gain=33.6373 13.0366 11.7946 11.7677 9.2693 9.26103 8.96725 11.9259 10.4914 9.56855 9.49208 8.12547 10.4314 11.3519 10.4084 9.53143 9.2743 8.18027 7.50127 11.8637 9.131 8.6593 10.1313 11.2624 9.01504 8.94446 7.74696 7.7416 8.2663 8.92689
threshold=2.59421718120575 1.3596950173377993 0.20739549398422244 1.8865278363227846 0.78439855575561535 2.023958802223206 -0.036458333954215043 2.8999999761581425 1.2529799938201907 1.1898750066757204 3.1923611164093022 0.73571428656578075 6.5000000000000009 1.1786149740219118 0.84975999593734752 1.9302250146865847 0.52777779102325451 0.56115001440048229 0.77857142686843883 0.68333333730697643 0.74941501021385204 -0.19270833581686017 -0.10714285820722579 18.500000000000004 0.46527777612209326 1.153720021247864 1.1375600099563601 0.87559691071510326 0.52777779102325451 0.43571428954601293
decision_type=10 10 2 10 10 10 2 2 10 10 2 2 2 10 10 10 2 10 2 2 10 2 2 2 2 8 8 2 2 2
left_child=2 6 -1 -3 18 -5 -2 8 9 -8 -10 -12 13 16 -15 -16 -13 -14 19 21 -20 25 24 -24 -23 -4 -27 -28 29 -29
right_child=1 3 4 5 -6 -7 7 -9 10 -11 11 12 17 14 15 -17 -18 -19 20 -21 -22 22 23 -25 -26 26 27 28 -30 -31
leaf_value=0.04543502600658389 0.0092233821257890775 0.028495950231853574 -0.053087141712831604 -0.03255387547727516 -0.054826693302737844 0.024080115891632413 -0.048379091641923132 0.044062439972039472 0.038918763888754454 -0.0094395201062537262 0.022593801608573206 0.0056063158872144553 -0.0024236667159908054 -0.037519873638482137 0.006494766584874502 0.040059526910079316 -0.058305591211924759 -0.028331713593638359 -0.0031894051329113362 -0.062454435531223373 0.036669816089515014 0.03766986817023063 -0.010416744932210658 -0.048833227493624794 -0.0018297380395903267 0.028762615933232451 -0.030848407049364774 0.031877325861185295 0.0308065004129181 -0.017966033433670519
leaf_weight=9.781863257288931 289.21747128665447 95.777416825294495 16.918151408433914 16.453999236226085 11.270519882440565 12.860401734709738 21.737736150622368 13.427760243415831 15.092212021350859 57.525906473398209 30.857576623558998 10.767882719635965 61.154789134860039 10.444498896598814 87.560596212744713 27.887470051646233 12.004006803035734 60.717163518071175 93.971065804362297 11.066432312130926 16.961559519171715 15.417152881622313 181.77472051978111 21.315308153629303 229.11701165139675 9.5204171538352949 70.30440865457058 9.7390081733465177 11.160747662186621 115.73391437530518
leaf_count=42 1213 411 69 68 46 55 89 58 64 239 130 45 255 43 367 119 49 251 391 45 72 65 753 87 952 40 289 41 47 478
internal_value=-0.00199989 0.00514692 -0.00914179 0.0200118 -0.00979742 -0.00770821 0.00248442 -0.00227885 -0.0038512 -0.0201185 0.000222935 -0.00171475 -0.0044874 0.0044021 0.0102784 0.0146026 -0.0280843 -0.0153312 -0.00916541 -0.0111002 0.00290506 -0.0102657 -0.00619461 -0.0144487 0.000660595 -0.0180742 -0.0153376 -0.0173665 -0.0104294 -0.0140973
internal_weight=1647.54 823.487 824.052 125.092 814.27 29.3144 698.395 409.178 395.75 79.2636 316.486 301.394 270.536 148.664 125.893 115.448 22.7719 121.872 803 692.067 110.933 681.001 447.624 203.09 244.534 233.377 216.458 206.938 136.634 125.473
internal_count=6873 3456 3417 534 3375 123 2922 1709 1651 328 1323 1259 1129 623 529 486 94 506 3329 2866 463 2821 1857 840 1017 964 895 855 566 519
is_linear=0
shrinkage=0.05


Tree=10
num_leaves=31
num_cat=0
split_feature=92 77 92 42 78 49 7 49 25 1 36 89 23 5 4 22 57 67 21 25 65 2 32 5 73 43 27 43 73 55
split_gain=33.6276 12.8797 12.826 12.7744 9.92591 10.8297 9.52356 8.23428 12.9512 12.2967 10.6798 8.91201 7.98861 8.07864 11.6151 7.82023 7.80954 13.6178 9.82207 7.768 7.79878 7.26328 7.85 7.26283 6.77035 8.32595 12.1357 8.09177 8.74177 8.52584
threshold=3.0461399555206303 0.82203501462936412 2.458265066146851 2.1180555820465092 -1.019829988479614 1.1355768442153933 0.70000001788139354 2.4581993818283085 2.2214285135269169 7.5000000000000009 0.35416667163372045 -1.3785714507102964 0.70000001788139354 2.1076389551162724 5.1093750000000009 0.30000000447034841 -0.65895000100135792 0.37789070606231695 1.0000000180025095e-35 1.2785714268684389 1.0607514381408694 12.500000000000002 1.0500000119209292 -1.0000000180025095e-35 1.5570501685142519 0.31666667759418493 1.3642857074737551 0.15476191043853763 1.4997493624687197 1.1745399832725527
decision_type=10 8 8 2 10 2 2 2 2 2 2 2 2 2 2 2 8 10 2 2 10 2 2 2 10 2 2 2 10 10
left_child=1 -1 4 6 5 23 16 8 11 15 -10 -2 13 21 -15 -9 17 -4 -18 -5 -21 -8 -23 -3 27 26 -26 29 -29 -6
right_child=7 2 3 19 24 -7 12 9 10 -11 -12 -13 -14 14 -16 -17 18 -19 -20 20 -22 22 -24 -25 25 -27 -28 28 -30 -31
leaf_value=-0.049288846096602751 -0.029414783454031382 -0.043927094821451101 0.033230731758601938 0.051665792323610474 0.01815933414016821 0.043890797012747819 -0.00289593134926577 0.034912011351319376 -0.028656891401567776 0.052694863065371501 0.030011469277916154 0.011973782078138049 0.035070535612285292 -0.060706498069278129 0.0047029548840419808 -0.024834118210093514 -0.063797781608787393 -0.035899314137015276 -0.017519950101945493 0.037147585919490578 -0.018166782116038324 0.00025843813802854893 0.053691989169530913 0.015037156764214757 -0.0097109496162149575 0.0088179661364095156 -0.060415681818407063 -0.025067738526038736 -0.066353673302948446 -0.030798148077265115
leaf_weight=17.752695292234421 13.55185855925083 9.7576819956302625 17.76534387469292 15.741853609681128 20.773773461580276 14.435638830065725 605.42792375385761 9.8521169424057025 39.561835765838623 25.302138060331345 9.6489079445600492 323.0994934886694 14.157349199056624 14.255905419588091 12.954541116952894 12.333216592669485 13.254847645759581 11.892800375819204 84.937947511672974 11.715009629726412 13.972232550382612 16.067711994051937 12.012237235903738 11.235918596386911 74.755912184715271 44.332845076918602 14.012654006481169 125.39277723431587 14.28168201446533 15.549019142985342
leaf_count=73 56 40 75 67 87 62 2519 43 164 112 41 1362 60 58 54 52 54 49 351 50 58 67 51 47 310 185 57 517 58 64
internal_value=-0.00272364 -0.00701497 -0.00638362 -0.00306557 -0.0145134 0.010554 -0.0044629 0.00922332 0.00680543 0.02887 -0.0171536 0.0103077 -0.00209247 -0.00288877 -0.0295659 0.00169809 -0.0169754 0.00550985 -0.0237669 0.024009 0.00706007 -0.00174294 0.0231166 -0.012369 -0.0173867 -0.00887751 -0.017715 -0.023822 -0.0292892 -0.00279833
internal_weight=1639.79 1206.44 1188.68 844.156 344.528 35.4292 802.727 433.35 385.862 47.4875 49.2107 336.651 674.876 660.718 27.2104 22.1853 127.851 29.6581 98.1928 41.4291 25.6872 633.508 28.0799 20.9936 309.099 133.101 88.7686 175.997 139.674 36.3228
internal_count=6843 5013 4940 3513 1427 149 3338 1830 1623 207 205 1418 2809 2749 112 95 529 124 405 175 108 2637 118 87 1278 552 367 726 575 151
is_linear=0
shrinkage=0.05


Tree=11
num_leaves=31
num_cat=0
split_feature=92 32 51 51 97 90 87 73 57 24 2 52 88 65 48 27 0 99 99 3 73 4 66 33 27 59 59 18 9 94
split_gain=27.3207 14.8112 12.9884 12.5657 9.18882 10.1982 8.75003 8.25814 8.225 8.36731 14.4261 13.0002 9.496 7.82572 7.82563 7.4623 9.03987 8.32236 8.10889 10.13 10.0657 9.41179 11.4553 14.7005 8.37345 7.42853 13.7169 10.8089 9.02647 7.92834
threshold=2.676070094108582 2.8166666030883794 0.94574570655822765 0.92610976099967968 1.2837008237838747 2.6258500814437871 -1.8928571343421934 1.5202217102050783 -0.50523999333381642 0.72142857313156139 4.5000000000000009 0.81511253118515026 0.89285713434219371 0.80043858289718639 1.6768488287925722 1.2357142567634585 9.5000000000000018 1.0690476298332217 0.96130952239036571 8.2864584922790545 1.9988448619842532 6.0850694179534921 1.3282899856567385 1.8819444179534914 1.7928571105003359 1.2801435589790346 0.9941307306289674 1.5000000000000002 0.90000000596046459 3.5216749906539921
decision_type=10 2 2 2 10 10 2 8 10 2 2 2 2 10 2 2 2 2 2 2 10 2 8 2 2 10 10 2 2 10
left_child=2 13 3 4 5 -1 -4 8 -8 10 -10 -11 14 -2 -13 16 -9 18 19 20 21 24 -23 -24 -17 26 -15 -28 -29 -27
right_child=1 -3 6 -5 -6 -7 7 15 9 11 -12 12 -14 25 -16 17 -18 -19 -20 -21 -22 22 23 -25 -26 29 27 28 -30 -31
leaf_value=-0.006490669522074612 0.04360175896769633 0.050896464430977464 -0.044869082750517292 0.05476740421917075 0.036317861971180192 0.026659220388115676 -0.046272421435125353 0.0021036854019226259 0.054316032826977556 -0.071682401983367477 -0.021427085536393928 -0.011625160508695028 0.032303797620545811 0.01055709131450803 -0.040899715298470023 -0.010962043734916663 -0.024337954863253471 -0.038274034041601721 0.033103947998837882 0.017972832865943447 0.032568849883150834 -0.059310443370331437 -0.020241464899111591 0.035723144461222177 0.022715718795979965 0.0042625251896441828 -0.0027966157880220622 -0.05745873053818127 -0.014799578445789574 0.020633699113320844
leaf_weight=206.10856133699417 12.558302402496336 17.60557359457016 18.714189231395721 10.839961454272268 16.085705161094666 26.143428832292557 23.932513609528542 48.278441205620766 11.08658589422703 11.082967370748518 14.519228205084799 89.253921017050743 9.7067901343107206 126.59013950824738 30.674150258302689 42.014651402831078 97.81338107585907 14.7973325997591 17.549911171197891 50.863438561558723 14.963135704398153 15.225910902023314 88.434053599834442 13.529150068759916 32.917336136102676 301.51610116660595 125.45210711658001 18.820699065923691 36.350509762763977 97.988149926066399
leaf_count=856 54 79 77 46 69 110 98 201 47 45 60 370 41 534 126 174 403 61 74 213 63 62 365 57 138 1265 525 77 151 416
internal_value=-0.00156001 0.00558692 -0.00738228 0.00207215 -0.000227999 -0.00275915 -0.0111792 -0.0101731 -0.0188661 -0.0149225 0.0113675 -0.0197064 -0.0152628 0.00447789 -0.0191127 -0.00638314 -0.0155999 -0.00174478 0.000217249 -0.00202025 -0.0069309 -0.0100073 -0.0188566 -0.0128157 0.00383247 0.00378266 -0.00206307 -0.0109079 -0.029352 0.00827795
internal_weight=1641.42 736.882 904.535 259.178 248.338 232.252 645.357 626.643 190.256 166.324 25.6058 140.718 129.635 719.276 119.928 436.387 146.092 290.295 275.498 257.948 207.084 192.121 117.189 101.963 74.932 706.718 307.213 180.623 55.1712 399.504
internal_count=6857 3101 3756 1081 1035 966 2675 2598 787 689 107 582 537 3022 496 1811 604 1207 1146 1072 859 796 484 422 312 2968 1287 753 228 1681
is_linear=0
shrinkage=0.05


Tree=12
num_leaves=31
num_cat=0
split_feature=92 49 29 42 73 31 58 75 92 53 76 5 64 77 81 24 51 52 90 51 93 77 20 72 58 93 2 26 40 91
split_gain=23.1902 11.6664 12.8638 11.1724 12.7405 9.07991 9.94771 9.63067 9.78012 9.17814 8.73669 13.5596 7.80299 8.81842 9.42712 7.6549 7.46 8.86395 7.40319 8.73161 8.50683 8.05626 7.30944 7.26924 7.26589 7.7517 7.1698 11.0374 9.71376 11.4211
threshold=2.676070094108582 2.4163987636566167 1.0357143282890322 2.5277777910232548 1.5661101341247561 0.78888890147209179 0.78389215469360363 8.5000000000000018 2.4069600105285649 0.67363345623016369 1.9687899947166445 1.1927083134651186 0.44399000704288488 1.0954350233078005 1.1031837463378908 0.75000000000000011 2.6518985033035283 2.4389067888259892 3.705610036849976 1.5707395672798159 0.024535000324249271 1.1714649796485903 0.70000001788139354 0.9469570815563203 1.5762778520584109 1.2072100043296816 -9.4999999999999982 1.264285743236542 0.64583334326744091 0.96505999565124523
decision_type=10 2 2 2 8 2 10 2 8 2 10 2 10 10 10 2 2 2 10 2 10 10 2 10 10 10 2 2 2 8
left_child=3 10 -3 4 5 23 -7 8 -8 -9 18 12 -12 14 -14 -11 17 -16 20 -20 -2 -21 26 -1 25 -15 27 -6 -28 -30
right_child=1 2 -4 -5 22 6 7 9 -10 15 11 -13 13 24 16 -17 -18 -19 19 21 -22 -23 -24 -25 -26 -27 28 -29 29 -31
leaf_value=-0.010910385595917609 0.045908833371381852 -0.013510890940390536 0.039626656865580326 0.038156919394280835 -0.0018188271097395075 -0.042661802769151644 -0.013225331856031232 -0.056441327185814273 0.0513207255918448 0.013979455160792825 0.051388130052295089 0.063206746135303291 0.063761928753185537 0.028426376851511934 -0.0015648395140638639 -0.013859113058536168 -0.030100093391229567 0.051280006505184307 0.0047659737547845402 0.0013576189863369296 0.0015827894099085821 -0.053056684057949624 -0.039178318802533328 -0.055862136057725588 -0.04772763607627821 -0.02667469483660978 -0.029912307745619635 0.048403633630440278 0.011329489601637491 -0.0066015941886714185
leaf_weight=14.662920266389845 11.067824497818945 15.254573643207548 44.952975824475288 13.546891272068022 30.036110818386078 24.871428042650223 11.091768607497217 11.362722128629683 12.463003069162367 28.208798512816429 10.007075682282446 13.355835959315298 9.2632248252630216 12.687329411506655 19.903123542666435 198.16687636077404 9.8306160867214185 13.196763336658476 25.941273912787437 10.261331066489221 491.4460593611002 20.178068295121193 13.65784242749214 23.261040568351746 11.114432185888289 12.845167547464369 33.497204095125198 17.207145616412163 119.09886090457439 349.12541508674622
leaf_count=61 47 65 199 58 125 102 46 47 53 118 43 58 40 54 84 822 41 57 109 43 2057 83 56 95 46 54 138 73 498 1449
internal_value=-0.00153461 0.00507924 0.0261634 -0.00690723 -0.00759571 -0.0154925 -0.0124458 -0.00956964 0.0209265 -0.0125912 0.00318768 0.0159201 0.00953099 0.00481617 0.018016 -0.0103901 0.00814531 0.0195041 0.000631517 -0.0165485 0.00255907 -0.0347132 -0.00304692 -0.038482 -0.0139835 0.000705528 -0.002148 0.0164734 -0.00390143 -0.00204059
internal_weight=1631.56 731.306 60.2075 900.258 886.711 324.089 286.165 261.293 23.5548 237.738 671.098 112.204 98.8477 88.8407 52.1937 226.376 42.9305 33.0999 558.895 56.3807 502.514 30.4394 562.623 37.924 36.6469 25.5325 548.965 47.2433 501.721 468.224
internal_count=6821 3080 264 3741 3683 1344 1188 1086 99 987 2816 477 419 376 222 940 182 141 2339 235 2104 126 2339 156 154 108 2283 198 2085 1947
is_linear=0
shrinkage=0.05


Tree=13
num_leaves=31
num_cat=0
split_feature=92 88 93 56 99 4 88 5 26 27 52 57 94 92 28 69 62 89 63 89 69 4 33 49 94 90 94 96 52 68
split_gain=24.115 12.0484 11.4809 8.96657 10.1906 10.7399 13.0744 11.4802 11.317 9.91144 8.56286 8.889 10.2435 10.4577 9.80619 8.49717 8.37828 7.69453 8.16537 10.2762 9.50976 10.7463 9.63705 8.06645 10.7245 9.35307 10.591 8.43954 7.68317 7.66691
threshold=3.0461399555206303 0.77857142686843883 0.76350998878479015 1.4891800284385683 0.51111111044883739 7.8281250000000009 0.16428571939468387 -0.91145834326744068 1.4499999880790713 1.0928571820259096 2.0870977640151982 -0.009039999917149542 2.2259814739227299 2.458265066146851 0.89285713434219371 2.5815000534057622 1.5614299774169924 -1.1500000357627866 0.96152001619339 -0.17857143282890317 1.2492949962615969 5.8177082538604745 1.6458333134651186 1.6093247532844546 2.7652664184570317 3.3606899976730351 3.3202378749847417 3.076221346855164 1.7845906615257265 9.5000000000000018
decision_type=10 2 10 8 2 2 2 2 2 2 2 10 10 10 2 10 8 2 10 2 10 2 2 2 10 10 10 10 2 2
left_child=1 3 -3 10 5 6 7 -5 -9 -10 11 28 -13 -14 -15 17 -8 -2 19 -19 -21 -22 -23 24 -20 26 -26 -25 -1 -29
right_child=15 2 -4 4 -6 -7 16 8 9 -11 -12 12 13 14 -16 -17 -18 18 23 20 21 22 -24 27 25 -27 -28 29 -30 -31
leaf_value=-0.021064269332527551 -0.015605528576559544 -0.0018734173156033825 0.025479584003545337 -0.03140604969526669 -0.0075903597790269979 0.027468198298236952 -0.058036378230614832 -0.015406608713103365 -0.0033235953141261161 0.050878108243287791 0.022433168471226658 0.020237611350106825 -0.037736828684721238 0.026846412764375521 -0.0122237963301309 0.055315907741548299 -0.0010271285187280984 -0.044366401418503287 0.067463418092911356 0.038843214924864283 -0.044597333876853426 0.017710501419133353 -0.034622776914774216 -0.031649139922370138 0.013504050708945437 0.030215752137893678 -0.040582662910265625 0.041052719291430319 -0.061169104861259073 0.0050124937419159816
leaf_weight=148.81697662174702 34.564189627766609 134.1206760853529 53.73104202747345 13.853665500879286 512.87869508564472 45.832051292061806 14.229958370327951 16.427097991108894 12.24686451256275 27.093390420079231 15.398163914680479 26.908401742577553 34.000718176364899 18.760873898863792 111.56248714029789 9.3014492839574796 11.779740855097769 13.501637250185011 11.845535710453985 14.872285246849058 13.79749922454357 37.322893172502518 11.509655877947806 13.961565271019934 44.940076887607574 67.480973020195961 11.33354829251766 16.587711691856384 12.984235644340513 133.67516988515854
leaf_count=616 145 559 230 57 2130 193 58 68 51 115 65 113 140 79 463 42 49 56 51 64 57 158 48 58 190 288 47 72 53 566
internal_value=-0.00206132 -0.00568855 0.00595033 -0.00782625 -0.00431332 0.00756773 -0.00196979 0.00933026 0.0194499 0.0340048 -0.0140653 -0.0156572 -0.00835931 -0.0130421 -0.00659939 0.00804054 -0.032217 0.00700683 0.00900663 -0.00411139 0.00290142 -0.00563341 0.00537574 0.0129883 0.0220137 0.0176633 0.00261095 0.00553599 -0.0242826 0.00899102
internal_weight=1645.32 1210.63 187.852 1022.77 654.341 141.463 95.6307 69.621 55.7674 39.3403 368.432 353.034 191.232 164.324 130.323 434.694 26.0097 425.393 390.829 91.004 77.5023 62.63 48.8325 299.825 135.6 123.755 56.2736 164.224 161.801 150.263
internal_count=6881 5039 789 4250 2721 591 398 291 234 166 1529 1464 795 682 542 1842 107 1800 1655 383 327 263 206 1272 576 525 237 696 669 638
is_linear=0
shrinkage=0.05


Tree=14
num_leaves=31
num_cat=0
split_feature=93 5 0 35 58 90 48 73 70 93 56 25 95 4 20 98 91 18 79 76 77 67 25 24 49 104 26 49 77 95
split_gain=18.8211 13.2921 12.5762 11.82 11.4665 9.76979 11.1765 9.55382 9.46626 10.4224 9.46663 9.14097 8.46724 8.28878 7.85483 7.67145 7.47253 7.01909 7.06025 7.73122 6.98918 9.00928 8.77937 8.33776 9.46042 9.3039 7.9463 9.51182 11.8898 7.88729
threshold=1.3596950173377993 -0.23437499999999997 9.5000000000000018 0.21111111342906955 1.331001400947571 3.3606899976730351 1.4302782416343691 1.3465077280998232 1.6452900171279909 0.9354349970817567 1.4970825314521792 1.4357143044471743 0.050987141206860549 7.1302082538604745 0.30000000447034841 0.70000001788139354 0.054530000314116485 2.1000000238418584 1.9729221463203432 1.6924999952316286 0.89379334449768078 0.35043786466121679 1.7500000000000002 2.7285714149475102 2.0016077756881718 1.0000000180025095e-35 1.1500000357627871 1.6502621769905093 1.4981150031089785 0.68400144577026378
decision_type=10 2 2 2 10 10 2 10 10 8 10 2 8 2 2 2 8 2 10 10 8 10 2 2 2 2 2 2 10 10
left_child=2 3 7 15 11 -4 13 12 9 17 -11 14 -1 -7 -3 -2 -14 18 19 -9 22 23 -18 24 25 26 27 29 -29 -22
right_child=1 4 5 -5 -6 6 -8 8 -10 10 -12 -13 16 -15 -16 -17 20 -19 -20 -21 21 -23 -24 -25 -26 -27 -28 28 -30 -31
leaf_value=-0.041658770956615063 0.044898664905751506 0.033152539178424131 -0.0094699179155870502 -0.03762826520727483 0.041357093812509904 0.046715678258801643 -0.023391531148988579 0.019309802020866639 -0.0045419947115268155 -0.052407205366023051 0.012273520582246027 -0.036125558502031002 0.036601960709143261 -0.0002719446595555806 -0.01615581480503352 -0.0060627260068001473 -0.059758474433066089 0.053095456370157869 0.05798738721020727 -0.016946290624581209 -0.0077333686824909865 0.012933824255683622 0.0032851551889703811 0.031934003555233355 -0.026430530356904115 -0.047066967454983129 0.0092476310507327627 0.031000332229747907 -0.028290869999679915 -0.036913812356928609
leaf_weight=13.566496327519415 11.654708102345468 27.330039009451866 692.58268612623215 18.529151290655136 53.911364957690239 22.376467347145081 15.393874123692511 99.979900613427162 82.256184980273247 9.7419674247503298 13.490961804985998 9.5071363896131498 12.466046452522276 16.166584238409996 11.46491679549217 20.156312942504883 11.710121527314188 15.444790124893187 9.88127553462982 17.238949626684189 97.494164392352104 89.373198956251144 10.450699016451834 14.785952582955359 50.33502022922039 11.479320257902144 110.97000294923782 28.172424137592316 12.08145761489868 30.370883166790009
leaf_count=56 51 117 2878 77 237 96 64 421 344 40 57 40 53 68 48 86 48 66 43 72 405 378 44 63 209 47 464 119 50 125
internal_value=-0.00157786 0.0151479 -0.00329284 -0.0058828 0.0255055 -0.00787367 0.0126231 0.00132031 0.009325 0.0162056 -0.0148482 0.00781301 -0.00270486 0.0270071 0.0185806 0.0126082 -0.00160317 0.0212669 0.0173992 0.0139778 -0.00262253 -0.00125794 -0.0300281 -0.00482387 -0.00641816 -0.00295143 -0.00113689 -0.00799139 0.0132052 -0.0146644
internal_weight=1640.36 152.554 1487.81 50.3402 102.213 746.52 53.9369 741.29 248.034 165.778 23.2329 48.3021 493.256 38.5431 38.795 31.811 479.689 142.545 127.1 117.219 467.223 445.062 22.1608 355.689 340.903 290.568 279.089 168.119 40.2539 127.865
internal_count=6866 656 6210 214 442 3106 228 3104 1043 699 97 205 2061 164 165 137 2005 602 536 493 1952 1860 92 1482 1419 1210 1163 699 169 530
is_linear=0
shrinkage=0.05


Tree=15
num_leaves=31
num_cat=0
split_feature=92 80 24 42 81 92 94 95 31 71 35 95 37 73 73 24 50 77 88 25 99 35 64 63 91 77 7 93 99 76
split_gain=20.1772 14.0573 10.1275 8.86577 10.9769 9.09488 9.65685 8.3297 8.02582 9.82478 9.94159 8.29902 8.18551 7.49566 9.46249 8.63527 13.8551 11.3229 10.0805 8.71989 8.17201 7.84042 7.61208 6.92826 7.57425 6.90574 7.86421 8.97219 8.19791 10.8566
threshold=3.0461399555206303 1.1654258370399477 0.13571428880095485 2.4142857789993291 -1.0324165225028989 2.5773866176605229 2.3712550401687627 0.090877145528793349 2.0499999523162846 -0.56966000795364369 0.29285715520381933 0.35460571944713598 0.38750000298023229 1.5699472427368166 1.6153052449226382 1.6928571462631228 1.4249845743179324 1.4564178586006167 0.67857143282890331 1.1214285492897036 0.64166665077209484 0.38750000298023229 -0.65534999966621388 1.6367900371551516 0.39850999414920812 0.82203501462936412 0.30000000447034841 1.3888549804687502 0.53452381491661083 1.6121000051498415
decision_type=10 8 2 2 10 10 10 8 2 10 2 10 2 8 8 2 2 8 2 2 2 2 10 10 10 10 2 8 2 10
left_child=1 7 -3 5 -5 13 23 -1 9 10 -8 -11 -13 15 -15 16 17 19 -17 21 -18 -4 -22 24 -7 -9 -27 28 -28 -30
right_child=-2 2 3 4 -6 6 8 25 -10 11 -12 12 -14 14 -16 18 20 -19 -20 -21 22 -23 -24 -25 -26 26 27 -29 29 -31
leaf_value=-0.059541096888134248 0.0067288574704843134 -0.034434555107995174 0.034094950363562866 0.055688756308573319 -0.0071010677310973493 -0.0189095313893081 -0.0044387525341890799 -0.046251363579966405 0.029516212835704089 0.0074786551764444058 0.054447807334371781 -0.020656072656603408 0.01150727300965107 0.033117593494232121 -0.0045141795275072524 -0.049169399943146688 -0.047689844054830968 -0.0095983283799754571 -0.0044603773936626352 0.06473153545588814 -0.045001383610630066 -0.022501085731741682 0.0016959022559112774 0.06050713513943367 0.037918303196767186 -0.051862903041604069 0.017632962218750006 0.030799176612221504 -0.012088939323964216 -0.058064090328597807
leaf_weight=11.740573540329931 435.08576183021069 25.959932833909988 14.45787923038006 14.245926767587664 13.610723644495009 10.387653738260271 14.355453759431841 16.886049762368202 21.715837225317955 68.909855142235756 14.314336776733397 98.401509404182434 24.759009659290314 17.318308591842651 471.38364094495773 32.571540221571922 26.337360352277756 59.90677835047245 20.569316849112511 10.328814327716826 12.40116888284683 10.610196337103842 29.45457099378109 11.434450432658194 13.462884739041327 11.691370472311972 18.313342824578285 12.751449868082998 90.576732993125916 14.961767479777334
leaf_count=48 1848 107 61 62 57 43 60 70 93 288 61 408 104 73 1959 134 108 249 86 44 51 44 123 49 57 48 77 54 377 61
internal_value=-0.00250943 -0.00582084 -0.00359822 -0.00280637 0.0250097 -0.00359457 0.00406939 -0.0188472 0.000512696 -0.00234059 0.0249623 -0.00641602 -0.0141903 -0.0066124 -0.00318061 -0.014354 -0.00866285 0.00364933 -0.0318638 0.0260701 -0.0258698 0.0101404 -0.0121397 0.0285087 0.013168 -0.0159547 -0.0125049 -0.00913642 -0.0132481 -0.0186067
internal_weight=1648.9 1213.82 1036.9 1010.94 27.8567 983.081 277.741 176.921 242.456 220.74 28.6698 192.07 123.161 705.34 488.702 216.638 163.497 95.3037 53.1409 35.3969 68.1931 25.0681 41.8557 35.285 23.8505 165.181 148.295 136.603 123.852 105.539
internal_count=6904 5056 4321 4214 119 4095 1163 735 1014 921 121 800 512 2932 2032 900 680 398 220 149 282 105 174 149 100 687 617 569 515 438
is_linear=0
shrinkage=0.05


Tree=16
num_leaves=31
num_cat=0
split_feature=0 94 93 48 73 40 25 57 63 8 74 71 67 64 46 41 99 49 50 80 67 46 26 51 9 88 25 89 25 46
split_gain=21.0057 11.5787 11.5325 7.43014 7.378 10.7224 8.15611 8.40071 7.95974 8.08876 9.01723 9.59905 7.76926 11.4684 7.66185 7.65334 9.81949 7.54108 7.24853 7.68136 11.7436 7.84944 8.07597 7.15964 7.00851 6.92172 7.0969 7.32775 7.57334 6.7658
threshold=9.5000000000000018 3.5216749906539921 1.7817349433898928 1.4302782416343691 1.5147263407707217 0.70714285969734203 0.94999998807907116 0.53043997287750255 1.4601075053215029 1.3000000119209292 0.1301040202379227 -0.11902666836977004 0.17410071939229968 -0.46631999313831324 0.21111111342906955 1.6125000119209292 0.41111111640930181 1.4506123065948489 0.49678456783294683 1.2125658988952639 0.35043786466121679 0.21111111342906955 1.2785714268684389 2.5128617286682133 1.5000000000000002 0.99285712838172924 1.8499999642372134 -0.36428572237491602 1.0071428418159487 0.13392857462167743
decision_type=2 10 10 2 8 2 2 10 8 2 10 10 8 10 2 2 2 2 2 10 10 2 2 2 2 2 2 2 2 2
left_child=2 4 18 -3 5 29 12 8 9 -8 11 -11 13 -7 -10 16 17 -6 -1 21 -21 22 25 -23 -24 26 27 28 -20 -2
right_child=1 3 -4 -5 15 6 7 -9 14 10 -12 -13 -14 -15 -16 -17 -18 -19 19 20 -22 23 24 -25 -26 -27 -28 -29 -30 -31
leaf_value=-0.021034580091687478 -0.0027026165536218963 0.02653001848885227 0.033565800338054341 -0.019880700717669737 -0.00061331054005611576 -0.027440587395051397 -0.036436961524098851 0.0067800607551384076 -0.067177523183199681 -0.015401729927173743 -0.041678468173919209 0.044834783671572287 -0.024235357388708127 0.01925673577376065 -0.024788435894046664 0.0066005773020581292 -0.010513535854881991 0.050469171249574479 0.051109980133734023 0.0050806711149820475 0.027681800448414253 -0.009657034932393227 0.049380888554251989 0.022414169154244681 0.0096319680517103178 -0.038729974825371001 0.043535183679685757 -0.023432681838291246 -0.0028769275292165456 0.045897647764541034
leaf_weight=29.436120912432671 25.853326544165611 39.487860754132271 32.803873658180237 11.033443197607992 18.727602347731594 19.606245487928391 43.35324364900589 16.902413263916969 23.773054331541061 15.099985733628271 11.655754819512365 11.768218174576761 41.873723313212395 39.914980202913284 19.326505288481712 115.98869200050831 343.55915552377701 11.762781813740729 9.4239469319581968 349.75039479136467 68.777739182114601 202.3092098236084 18.312801033258438 19.039797142148018 28.115062728524208 10.578974112868307 10.035673812031744 23.204225912690166 20.90885716676712 9.9046313762664777
leaf_count=123 108 170 146 46 78 81 179 71 97 63 48 50 174 168 80 487 1427 50 40 1471 294 844 78 81 118 44 43 96 87 42
internal_value=-0.00112737 -0.00679284 0.00451671 0.0163943 -0.00831603 -0.014806 -0.0185638 -0.0263033 -0.0307776 -0.0216226 -0.00495106 0.0109817 -0.00773411 0.00387467 -0.0481696 -0.00462057 -0.00810013 0.0190936 0.00331031 0.00425266 0.00879477 -0.00130697 0.0089572 -0.00689836 0.0253104 -0.00128185 0.0049498 -0.00228314 0.013896 0.0107592
internal_weight=1642.29 819.592 822.697 50.5213 769.07 279.032 243.274 141.879 124.977 81.8772 38.524 26.8682 101.395 59.5212 43.0996 490.038 374.05 30.4904 789.893 760.457 418.528 341.929 120.58 221.349 46.4279 74.1517 63.5727 53.537 30.3328 35.758
internal_count=6884 3419 3465 216 3203 1161 1011 588 517 340 161 113 423 249 177 2042 1555 128 3319 3196 1765 1431 506 925 196 310 266 223 127 150
is_linear=0
shrinkage=0.05


Tree=17
num_leaves=31
num_cat=0
split_feature=90 43 32 88 80 29 94 93 71 88 3 89 70 50 66 41 42 98 50 91 72 87 51 73 91 27 58 96 49 69
split_gain=12.8904 10.0266 11.4019 12.2712 9.16769 10.1425 9.2714 8.63336 9.5687 9.19455 13.0246 8.57032 8.04095 8.2359 10.782 7.82151 8.20383 7.88393 7.66733 6.43722 8.28517 6.40249 7.01462 7.56684 8.24031 7.60496 9.56056 7.62058 8.92947 8.06848
threshold=2.6258500814437871 0.26785714924335485 2.8166666030883794 1.1500000357627871 1.8121425509452822 2.5642857551574711 1.9127549529075625 0.2885700017213822 -0.44938999414443964 0.77857142686843883 6.909722328186036 -1.3785714507102964 0.98913499712944042 1.4865375161170962 1.5864635705947878 1.9499999880790713 0.68333333730697643 0.90000000596046459 1.4578331708908083 0.6431500017642976 1.6379871368408205 -2.1642857789993282 2.162379384040833 2.1715639829635625 0.39850999414920812 1.8642857074737551 1.5706514120101931 2.652971744537354 1.0368338227272036 1.466728746891022
decision_type=10 2 2 2 10 2 10 10 10 2 2 2 10 2 10 2 2 2 2 10 10 2 2 10 10 2 10 10 2 10
left_child=4 12 3 11 5 15 18 -8 -9 10 -10 -3 -2 14 -14 16 -1 -17 -6 20 -15 -13 23 24 25 27 -27 -23 -29 -30
right_child=1 2 -4 -5 6 -7 7 8 9 -11 -12 21 13 19 -16 17 -18 -19 -20 -21 -22 22 -24 -25 -26 26 -28 28 29 -31
leaf_value=-0.031581990898870489 0.044444916382002451 -0.038620934999621243 0.047520315058937279 -0.027892416057269172 0.011748170884186619 -0.048480629036102757 -0.01583871133108913 0.068266939754203226 -0.039081193967483857 0.054227088844052931 0.02900851281741329 -0.037067812953954962 0.016688415366314532 0.026658411683244898 -0.021419898736217448 0.027994308274020094 -0.0064827183580204771 -0.023085360541633113 -0.045018242269870355 0.04310135585388325 -0.028622984915150081 -0.022562427453212269 0.014825141053195687 0.039673928525250896 -0.0060428403543049377 0.016899305450422033 -0.030351865759254637 0.062042461937426935 -0.010512671278283769 0.02602173667817417
leaf_weight=34.123166993260384 19.912942931056023 13.084433495998381 12.590414106845854 38.393798008561134 11.639738053083422 14.639997377991675 13.997517451643942 11.68000243604183 11.642400607466699 11.818404898047445 17.702159240841866 10.110109522938727 41.01354207098484 21.802840396761898 33.904529005289078 29.856107488274574 708.99331653118134 10.112929731607435 12.165533348917959 25.865765631198883 9.8350963741540891 10.887854784727095 102.54311816394329 11.816744238138197 267.5688129067421 19.929598093032837 23.129308342933655 11.894313052296637 21.370618805289268 51.603485912084579
leaf_count=143 88 54 58 161 49 60 58 50 48 52 75 42 174 92 142 126 2949 42 50 111 41 45 437 51 1122 84 96 51 89 219
internal_value=-0.00146406 0.00337569 0.000444922 -0.00057288 -0.00553505 -0.00724723 0.00953296 0.019076 0.0283245 0.0169908 0.00199405 0.00135546 0.0148214 0.0103668 -0.000557683 -0.00647636 -0.00763525 0.0150702 -0.0172619 0.0245996 0.00947341 0.0023408 0.00310591 0.000232343 -0.000914531 0.00897038 -0.0084819 0.0168182 0.0218704 0.0153226
internal_weight=1635.63 747.257 594.923 582.332 888.371 797.726 90.6458 66.8405 52.843 41.163 29.3446 543.938 152.335 132.422 74.9181 783.086 743.116 39.969 23.8053 57.5037 31.6379 530.854 520.744 418.201 406.384 138.815 43.0589 95.7563 84.8684 72.9741
internal_count=6859 3157 2509 2451 3702 3320 382 283 225 175 123 2290 648 560 316 3260 3092 168 99 244 133 2236 2194 1757 1706 584 180 404 359 308
is_linear=0
shrinkage=0.05


Tree=18
num_leaves=31
num_cat=0
split_feature=96 87 94 33 55 58 80 93 62 7 79 64 4 28 2 62 8 24 36 59 55 18 95 91 69 69 5 0 21 4
split_gain=17.1138 10.8383 9.54597 8.1445 8.89146 10.0887 8.10208 8.61919 9.33503 7.52396 7.68371 10.2861 8.36537 7.16353 8.26328 8.31717 9.17998 13.1734 9.94242 6.86089 8.58865 6.84236 7.67929 7.19007 6.65536 7.8849 6.76693 6.69374 6.87781 8.49232
threshold=2.9459604024887089 -1.8928571343421934 2.700670719146729 2.2539683580398564 1.0811200141906741 1.0106363892555239 0.87695834040641796 1.2321749925613406 0.78788998723030101 0.5000000149011613 2.1133798360824589 1.5793499946594241 6.9913194179534921 2.7357143163681035 -8.4999999999999982 1.0645499825477602 2.3000000715255742 1.5642856955528261 0.18333333730697635 1.203309237957001 1.0635625123977663 0.5000000149011613 1.8594078421592715 0.025759999640285972 0.81633001565933239 0.87617999315261852 -0.10937499999999999 9.5000000000000018 0.30000000447034841 5.0885417461395273
decision_type=10 2 10 2 10 10 8 10 10 2 10 10 2 2 2 10 2 2 2 10 8 2 10 10 8 8 2 2 2 2
left_child=1 -1 -2 4 5 -4 -3 24 -9 -6 13 12 -12 14 15 -11 17 -17 -19 -10 -21 -16 23 -23 -8 26 -26 28 -27 -30
right_child=2 6 3 -5 9 -7 7 8 19 10 11 -13 -14 -15 21 16 -18 18 -20 20 -22 22 -24 -25 25 27 -28 -29 29 -31
leaf_value=-0.037152839576744277 0.046747079025003233 -0.03368175287179382 -0.00078087579711330363 0.038090732012629677 -0.03164401442586464 -0.063553987644843157 -0.028949876909107941 0.053291131421116814 -0.021906662682484212 -0.025573232880692146 0.068183854487085957 -0.0057330532356604045 0.020258274710204544 0.037581563824188285 0.030801287933972622 0.063581734717437152 0.0558329420090833 0.022313908380183042 -0.037638613251503403 -0.0023500394956911335 0.043570090387243403 0.038268162989802519 0.035256625842299355 -0.006335037058149297 -0.0077883740135402772 -0.0089661689862743209 0.046982354269715441 -0.0087181399462872618 -0.013203575763927484 0.0090637107388890203
leaf_weight=25.966451078653336 13.862180203199385 23.231955528259277 17.134355232119564 17.592389062047005 13.49366210401058 10.217553704977034 28.275980219244957 11.925381526350973 17.114257082343102 9.1336519569158536 14.465949699282644 20.483285427093506 24.570498749613762 14.926098972558973 15.780995234847067 9.2521346211433393 17.494800865650177 15.022127091884615 12.814535424113272 26.124717429280281 16.686454638838768 9.3584404736757261 12.521062791347502 261.64738701283932 9.5932880043983477 145.7794089615345 13.682974517345427 537.86982446908951 53.691871583461761 211.43556033074856
leaf_count=108 60 97 73 77 56 42 117 53 72 40 64 87 106 64 67 40 80 64 53 109 72 40 55 1099 40 607 58 2237 223 885
internal_value=-0.00177286 -0.00522595 0.00582313 0.00467918 0.00345031 -0.0242303 -0.00446913 -0.00383616 0.0128911 0.0051292 0.00626346 0.0229616 0.0380183 0.00363384 0.00223805 0.0185877 0.0259773 0.0118944 -0.00528508 0.00485136 0.0155482 -0.0012425 -0.00302605 -0.00479479 -0.00503763 -0.00434205 0.0244087 -0.00504739 -0.000242431 0.00455429
internal_weight=1631.15 1121.38 509.771 495.909 478.317 27.3519 1095.41 1072.18 71.8508 450.965 437.471 59.5197 39.0364 377.951 363.025 63.7172 54.5836 37.0888 27.8367 59.9254 42.8112 299.308 283.527 271.006 1000.33 972.053 23.2763 948.777 410.907 265.127
internal_count=6845 4678 2167 2107 2030 115 4570 4473 306 1915 1859 257 170 1602 1538 277 237 157 117 253 181 1261 1194 1139 4167 4050 98 3952 1715 1108
is_linear=0
shrinkage=0.05


Tree=19
num_leaves=31
num_cat=0
split_feature=92 45 93 58 59 71 4 40 91 89 91 62 51 4 51 66 72 69 4 95 84 79 5 26 28 65 59 64 69 5
split_gain=13.7845 8.80644 8.46334 7.71616 8.5097 7.88686 14.3163 10.2933 8.98208 7.82736 9.29383 12.3897 7.89639 13.5314 8.89986 10.5542 7.13245 9.54889 7.46678 9.34251 7.32024 6.93791 7.01659 7.40844 7.31456 6.7173 6.59935 11.0135 9.91045 8.46509
threshold=2.6859949827194218 0.10555555671453477 0.013733333442360164 0.91151142120361339 1.8516378402709963 0.94506001472473156 6.8211805820465097 1.6833333373069765 0.025759999640285972 -1.1500000357627866 0.43783250451087957 1.2369999885559084 1.3858790397644045 15.046875000000002 2.0512553453445439 1.4850664138793948 1.2271547913551333 1.2535699605941775 14.203125000000002 0.14374285936355594 1.0000000180025095e-35 2.068169474601746 0.10763888806104661 1.2500000000000002 2.4357142448425297 1.526660740375519 1.3546885848045351 0.55671998858451854 1.750310003757477 -0.64583334326744068
decision_type=10 2 10 10 10 10 2 2 10 2 10 10 2 2 2 10 10 10 2 10 2 10 2 2 2 10 10 10 10 2
left_child=1 -1 -2 4 -4 8 25 -8 -5 10 -10 -12 13 26 16 21 -14 -18 19 20 -19 -16 24 -24 -23 -7 28 -28 29 -11
right_child=2 -3 3 5 -6 6 7 -9 9 12 11 -13 14 -15 15 -17 17 18 -20 -21 -22 22 23 -25 -26 -27 27 -29 -30 -31
leaf_value=-0.021780507804434114 0.054859979162885646 -0.0036103537186552232 0.045512724067583138 0.041864663367524015 -0.011363160121066435 -0.030898526068722943 0.045170708995387457 -0.00026223814674322611 0.02040058841959623 0.024782162740327681 0.0046274007116813287 -0.060450451829362623 -0.031222505209038333 -0.045356176702424228 -0.0071688142760489588 0.055919283579357451 0.042079971754501622 -0.068798016623983993 0.025986048061467176 -0.0064691075526818152 -0.012447649318783772 0.031395999479926155 0.074063917169960122 0.012666142416113874 -0.021262753976632111 0.018075908073773704 0.015790642643806585 0.072254166485997265 0.032185912544125755 -0.018872716292080611
leaf_weight=72.470498532056808 8.1453131735324842 835.19516114890575 21.414036542177204 12.82013852894306 9.4915228784084302 18.000148966908458 39.843277618288994 18.143962562084198 9.9598029851913434 14.687714651226996 11.960898190736772 18.82368765771389 31.339058294892311 10.669126868247984 66.932498186826706 10.338996335864065 9.9887560904026014 11.523291289806368 14.842380240559576 152.87921778857708 11.529947221279143 11.543436780571939 8.9899505972862261 10.834314718842505 15.382141470909117 11.458708956837652 89.730284795165062 9.5560495108365995 20.285136178135872 45.520798325538635
leaf_count=303 35 3484 92 55 40 78 178 77 42 62 51 77 130 44 281 45 43 47 63 641 48 50 40 47 65 50 380 42 87 189
internal_value=-0.000952507 -0.00506111 0.0041797 0.00360515 0.0280454 0.00250661 0.0165352 0.0309549 0.000462499 -0.00044124 -0.0215825 -0.0351654 0.00113474 0.00935284 -0.00326016 0.007553 -0.00903805 -0.00557507 -0.00807023 -0.0109434 -0.0406147 0.00315427 0.017934 0.0405089 0.00131292 -0.0118488 0.0125996 0.0212251 0.00196025 -0.00822322
internal_weight=1634.3 907.666 726.635 718.489 30.9056 687.584 87.4461 57.9872 600.138 587.317 40.7444 30.7846 546.573 190.449 356.124 124.021 232.103 200.764 190.775 175.932 23.0532 113.682 46.7498 19.8243 26.9256 29.4589 179.78 99.2863 80.4936 60.2085
internal_count=6866 3787 3079 3044 132 2912 383 255 2529 2474 170 128 2304 804 1500 528 972 842 799 736 95 483 202 87 115 128 760 422 338 251
is_linear=0
shrinkage=0.05


Tree=20
num_leaves=31
num_cat=0
split_feature=92 78 24 73 28 69 72 76 98 59 99 25 81 3 50 4 97 71 89 90 91 50 26 99 31 5 24 24 73 88
split_gain=13.3042 8.99469 7.62534 8.0158 10.1241 9.34313 11.8255 9.22159 8.16711 12.3803 9.42585 7.75207 7.74354 8.77096 7.64785 11.4381 9.51211 12.2321 8.71422 8.37599 7.58785 8.74246 8.25115 7.26689 7.06992 10.1394 8.45449 8.50324 6.99274 6.98907
threshold=3.0577466487884526 -1.019829988479614 2.6714285612106328 1.3465077280998232 0.45714285969734197 1.1708099842071535 1.4744973778724673 1.3930127620697024 1.1000000238418581 1.0471999645233157 0.74722221493721019 2.0071429014205937 -0.72546803951263417 5.0885417461395273 0.95337623357772838 7.2343750000000009 0.21939902007579806 0.08179000020027162 0.064285716041922583 2.5486799478530888 0.67878001928329479 1.3767150044441225 1.0214285850524905 0.31666667759418493 0.81666666269302379 -0.10937499999999999 0.45714285969734197 0.67857143282890331 1.375720262527466 0.90714284777641307
decision_type=10 8 2 8 2 10 10 10 2 8 2 2 10 2 2 2 10 10 2 10 8 2 2 2 2 2 2 2 10 2
left_child=1 29 3 8 -5 23 28 12 10 -10 11 20 -8 -14 19 16 -16 -18 -17 -12 21 22 -3 -6 25 -2 -26 -28 -7 -1
right_child=24 2 -4 4 5 6 7 -9 9 -11 14 -13 13 -15 15 18 17 -19 -20 -21 -22 -23 -24 -25 26 -27 27 -29 -30 -31
leaf_value=0.0067008432378777546 -0.005148396919765352 -0.019054140154506571 0.027950302100649985 0.020547911921110062 0.029779656205925806 0.048124135746765641 -0.046009655740182752 -0.056783035380587668 -0.0017983201704367753 -0.057281671708918992 -0.038663594472165781 0.015386723688339505 -0.035509368995990338 0.014238702207746191 0.068889861279376047 0.017976588821768072 -0.014523371799894822 0.046058506419596953 -0.046882131488338072 0.011160990430659563 -0.035760709720427108 -0.032426684157524643 0.018843983408683831 -0.0087040988989728514 -0.045663206059531336 0.057747882540951506 0.047069310361638222 0.0042808062836613286 0.008175219742290683 0.051297515563408225
leaf_weight=41.792500853538513 11.05628761649132 28.633120447397232 17.293196886777878 43.264263346791267 12.548614159226416 11.750181123614309 9.9684012383222562 10.475536480545996 17.719966650009155 23.24081127345562 18.789485067129135 16.753236129879951 11.640373334288595 37.093860849738121 10.526095539331434 9.4699846953153628 17.463551416993141 15.935019806027411 11.42895884811878 15.306577891111372 52.109365448355675 32.711632713675499 28.816031485795975 546.36529491841793 8.2144602388143522 15.240299895405768 11.978191316127775 378.77611254155636 161.6877925246954 11.1235523968935
leaf_count=176 47 119 74 182 53 50 41 43 75 96 78 71 48 156 45 40 73 68 47 65 215 135 121 2273 34 67 52 1618 678 50
internal_value=-0.00141828 -0.00408446 -0.00500332 -0.0055016 -0.00301172 -0.0042834 0.00391009 -0.0135686 -0.0125388 -0.0332791 -0.00924524 -0.0167836 -0.00585692 0.00235617 0.00287351 0.0129564 0.0274437 0.0143813 -0.0174926 -0.0162961 -0.0205719 -0.0117934 -4.47469e-05 -0.00784007 0.00619224 0.0313034 0.00453713 0.00559245 0.0108817 0.0160756
internal_weight=1639.17 1213.91 1160.99 1143.7 844.794 801.53 242.616 69.1782 298.904 40.9608 257.943 159.023 58.7026 48.7342 98.9197 64.8236 43.9247 33.3986 20.8989 34.0961 142.27 90.1608 57.4492 558.914 425.265 26.2966 398.969 390.754 173.438 52.9161
internal_count=6890 5072 4846 4772 3524 3342 1016 288 1248 171 1077 661 245 204 416 273 186 141 87 143 590 375 240 2326 1818 114 1704 1670 728 226
is_linear=0
shrinkage=0.05


Tree=21
num_leaves=31
num_cat=0
split_feature=92 77 41 32 65 76 12 78 42 77 40 74 59 58 4 74 56 80 32 5 46 17 24 4 90 94 92 1 1 25
split_gain=13.8615 7.79552 7.28901 8.36529 7.24075 12.2415 8.64315 12.8585 6.34305 9.27696 7.6981 6.22177 10.4534 7.71608 6.72525 6.43277 6.2209 8.81218 9.28228 6.10593 6.05898 12.635 8.51608 8.29429 7.23263 9.00478 7.61009 6.54834 7.24607 6.00941
threshold=2.560595035552979 2.1857949495315556 0.64583334326744091 2.8166666030883794 1.0210464596748354 0.95362499356269848 0.70000001788139354 -0.72025498747825611 1.4722222089767458 1.3606374859809878 0.88194444775581371 -0.71487590670585621 1.8783121705055239 1.2003464102745058 6.8680555820465097 -0.62457460165023793 1.6255699992179873 1.5159814953804018 0.94999998807907116 -0.92187499999999989 0.21111111342906955 0.5000000149011613 2.3571428060531621 13.890625000000002 2.018800020217896 1.7161107063293459 2.2259099483489995 16.500000000000004 15.500000000000002 1.2500000000000002
decision_type=10 10 2 2 10 10 2 10 2 10 2 10 10 10 2 10 10 10 2 2 2 2 2 2 8 10 8 2 2 2
left_child=1 4 -2 11 6 -6 20 19 10 -10 -7 12 -4 14 -14 -13 -12 18 -18 -8 22 -22 23 24 25 -1 -26 28 -23 -29
right_child=2 -3 3 -5 5 8 7 -9 9 -11 16 15 13 -15 -16 -17 17 -19 -20 -21 21 27 -24 -25 26 -27 -28 29 -30 -31
leaf_value=0.016202630798119587 0.035606486244588016 0.028736926169615547 0.05497986972188449 0.03687729549293043 -0.058096652086517687 0.037849554317341903 -0.073279247371265219 0.021863346213645149 -0.051879641680070414 -0.014000144152031518 -0.016342022731495945 -0.028404607240739167 -0.043854279132660545 0.035688726620502445 0.0068814169333788634 0.0003942494413528984 0.023940324551359655 0.047768079513726525 -0.025671455952263667 -0.026722870133134957 0.030099243243291177 -0.011980125218477185 -0.037980278091096817 0.032016966267955312 0.049908948164320788 -0.037392406921136274 0.0039859790998990584 0.032899250338508698 -0.053314453636110731 -0.017361698511669271
leaf_weight=12.095714151859282 16.015165954828262 14.973662957549093 13.613773345947264 16.427294686436653 15.078267574310301 9.9369503259658796 9.824849456548689 11.127103328704832 19.478714242577553 94.971623331308365 80.629250690340996 19.9139554053545 9.6400744020938891 13.829824790358542 20.256220862269402 737.59325458109379 16.381992965936661 10.13900278508663 22.210861578583717 24.869324252009392 20.166945457458496 180.33878764510155 11.648840501904486 26.668301001191139 9.6156130135059339 22.260910421609879 145.96186845004559 14.935564801096918 11.265127032995222 9.8821112960576993
leaf_count=51 70 65 59 78 62 42 40 47 80 395 338 83 40 60 86 3113 69 43 92 103 85 750 48 113 41 92 609 63 46 41
internal_value=-0.0022537 -0.00699832 0.00219508 0.00155139 -0.00768478 -0.0143266 -0.00418833 -0.0249068 -0.0117257 -0.020447 -0.00456008 0.000839216 0.0167193 0.00480724 -0.00947833 -0.000362838 -0.0078178 0.00628594 -0.00461212 -0.0399069 -0.00214602 -0.00775298 0.00366575 0.00590546 0.00223919 -0.0185235 0.00682429 -0.0112802 -0.0144103 0.0128859
internal_weight=1641.75 794.461 847.29 831.274 779.488 268.827 510.661 45.8213 253.748 114.45 139.298 814.847 57.3399 43.7261 29.8963 757.507 129.361 48.7319 38.5929 34.6942 464.84 236.589 228.251 216.602 189.934 34.3566 155.577 216.422 191.604 24.8177
internal_count=6904 3315 3589 3519 3250 1121 2129 190 1059 475 584 3441 245 186 126 3196 542 204 161 143 1939 985 954 906 793 143 650 900 796 104
is_linear=0
shrinkage=0.05


Tree=22
num_leaves=31
num_cat=0
split_feature=93 59 42 22 98 88 65 0 94 26 51 44 46 39 89 43 44 76 87 26 56 63 56 79 73 52 40 97 79 43
split_gain=9.91162 11.6339 8.11536 10.0964 10.0304 10.6499 8.05773 7.37999 9.10125 7.64829 9.34009 9.19991 7.33208 7.0943 6.79689 8.11211 10.8048 13.1657 12.9544 12.0949 8.53237 7.90305 7.5413 6.68631 6.55838 6.37032 11.006 8.09038 7.88527 12.4305
threshold=1.3302932977676394 1.8865278363227846 0.73214286565780651 0.5000000149011613 1.1000000238418581 -0.63571429252624501 1.6087721586227419 9.5000000000000018 3.7344621419906621 1.1500000357627871 1.3293717503547671 0.41428571939468389 1.0000000180025095e-35 5.5000000000000009 0.77857142686843883 0.5634920895099641 0.38750000298023229 0.98607000708580028 -0.39285714924335474 2.0785714387893681 1.7533200383186343 1.6367900371551516 1.8003849983215334 1.6317538619041445 1.9879555702209475 0.90529927611351024 1.2678571343421938 0.15302209556102755 1.2192567586898806 0.11805555596947671
decision_type=10 10 2 2 2 2 8 2 10 2 2 2 2 2 2 2 2 10 2 2 10 10 8 10 10 2 2 8 10 2
left_child=2 -2 3 -1 5 -5 -6 9 13 -4 12 -12 -11 -9 25 16 17 -16 20 -19 -18 -21 -17 -14 -3 26 27 -15 29 -27
right_child=1 24 7 4 6 -7 -8 8 -10 10 11 -13 23 14 15 22 18 19 -20 21 -22 -23 -24 -25 -26 28 -28 -29 -30 -31
leaf_value=-0.034250194780598674 0.018540990255329497 -0.043272338396923821 -0.0031415092253415581 -0.030154596211300656 -0.052180546442939291 0.027424332834674582 0.0036798965636375297 0.029185772176513615 0.030778101735625403 -0.010172027643609758 0.0026440010230612526 -0.04077271492147156 0.016862389900509627 0.020566974407555925 -0.041012855993452266 0.0012163969176014915 -0.018814298461433548 0.037320346080965662 0.063278161993692572 -0.027269792810969792 0.036290856999481667 0.025546052215696769 0.062315241153100644 0.055367732682891406 0.00049613928519696765 0.037048496131944345 -0.068173263566536954 -0.020725572970863016 -0.013420193073350335 -0.0037826850477038054
leaf_weight=44.014309212565422 117.34462709724903 12.091303482651709 334.54946807026863 10.966243386268614 14.671699181199076 30.001683220267296 11.528280213475226 13.956418067216871 17.158747658133507 23.096261277794838 150.50868080556393 13.277794793248175 130.22541671991348 13.784549504518507 27.213755577802658 9.97004382312298 19.216678932309154 16.495126068592072 11.698426634073256 28.226872652769089 11.072040319442747 9.4554135799407941 10.234762638807295 12.342736110091208 29.295865073800087 20.780410408973694 10.779492780566214 85.060554549098015 209.88672828674316 180.96045465767384
leaf_count=183 517 50 1403 46 62 128 49 59 74 97 634 55 549 58 112 42 80 70 50 117 47 40 44 54 125 88 44 353 875 755
internal_value=-0.00136827 0.010502 -0.00264904 -0.015637 -0.00344005 0.0120117 -0.0276013 -0.00158721 -0.00518497 0.00218366 0.00759123 -0.000875693 0.0159622 -0.00609405 -0.00683466 0.00279787 -0.00201155 -0.012639 0.0185895 0.00161343 0.00132939 -0.014017 0.0321661 0.020196 -0.0122909 -0.00948802 -0.0201989 -0.0149671 -0.0066355 0.00042315
internal_weight=1629.86 158.732 1471.13 111.182 67.1679 40.9679 26.2 1359.95 695.95 664 329.451 163.786 165.664 678.792 664.835 143.583 123.378 81.3912 41.9871 54.1774 30.2887 37.6823 20.2048 142.568 41.3872 521.252 109.625 98.8451 411.628 201.741
internal_count=6860 692 6168 468 285 174 111 5700 2908 2792 1389 689 700 2834 2775 602 516 339 177 227 127 157 86 603 175 2173 455 411 1718 843
is_linear=0
shrinkage=0.05


Tree=23
num_leaves=31
num_cat=0
split_feature=96 80 60 76 76 5 76 81 46 70 87 60 95 51 51 53 93 5 27 76 90 4 67 3 26 88 76 88 35 0
split_gain=12.7687 10.0076 11.0461 8.03698 9.15547 10.2948 7.79254 7.18516 7.99493 9.80315 9.7782 7.8006 7.27571 7.34008 12.1764 9.2229 11.86 9.06735 8.51703 8.29441 8.13856 7.15689 6.8931 6.83371 6.60981 6.58718 9.47724 7.39536 6.53971 10.1798
threshold=2.5385383367538457 1.1654258370399477 -0.0070671427529305211 1.0673549771308901 1.9590349793434145 1.1927083134651186 1.1063250303268435 0.71956110000610363 1.0000000180025095e-35 1.3716222047805788 0.27857144176959997 -0.95946213603019703 0.59871286153793346 2.0098568201065068 1.7553303241729739 1.8440514206886294 1.3433750271797182 0.89062500000000011 1.0357143282890322 1.3871600031852724 2.9771100282669072 6.8489582538604745 0.53571572899818432 6.0677082538604745 0.99285712838172924 -0.17857143282890317 1.2881100177764895 0.12142857536673547 0.38750000298023229 7.5000000000000009
decision_type=10 8 10 10 10 2 10 10 2 10 2 10 10 2 2 2 10 2 2 10 10 2 10 2 2 2 10 2 2 2
left_child=1 2 25 23 6 22 -5 8 9 -8 -11 -10 28 14 15 16 17 18 -14 -20 -15 -9 -6 -2 -16 26 -1 -27 -13 -30
right_child=3 -3 -4 4 5 -7 7 21 11 10 -12 12 13 20 24 -17 -18 -19 19 -21 -22 -23 -24 -25 -26 27 -28 -29 29 -31
leaf_value=0.033080073039116413 -0.0064566256165588089 -0.0039564123678881794 -0.062265890543576889 -0.035758759357284599 0.039965244672785033 0.056653756809384517 0.0074410773120726047 -0.035128099314146989 0.030889707470021517 -0.0049651204670443753 -0.069494266153501988 0.012314810451894524 0.032062411472484252 -0.0099982797171667016 -0.0041821395265216809 -0.024950119577751027 0.04038241905989038 -0.022538748992468053 -0.025283799958167347 0.011521171251550418 0.044825274984170084 -0.0024129599673089301 0.0041966054926241688 0.031920922539223705 -0.05262948702024231 -0.057515815924978647 -0.024758797114663451 -0.0066686015920831582 0.018689337924149417 -0.022114022368001154
leaf_weight=13.842089474201204 16.120186284184456 705.00504212081432 14.664305701851843 15.307720497250555 15.767813995480536 12.907049119472502 19.893138483166695 26.687885284423828 25.383734419941902 10.760222166776659 12.919274494051932 210.18938565254211 24.137806475162506 12.182121843099596 10.753007918596269 35.362922489643097 18.973691061139107 37.735051274299622 25.010490939021111 39.458673492074013 15.235763266682623 44.74669024348259 92.406203970313072 41.363391786813736 20.390348389744759 13.454276189208032 14.503045767545698 15.263587191700934 25.312639489769936 38.588448211550713
leaf_count=59 69 2946 61 64 69 58 85 111 108 45 53 888 103 51 45 148 88 157 104 167 66 188 397 181 84 56 61 64 107 160
internal_value=-0.0011358 -0.00576669 -0.0235599 0.00310794 0.00179468 0.0144464 -0.000495038 0.000330707 0.00216673 -0.0184339 -0.0401715 0.00383296 0.00249503 -0.00387643 -0.00702734 -0.00205027 0.00352246 -0.00201306 0.00672821 -0.00275713 0.0204665 -0.0146353 0.00941036 0.0211587 -0.0359019 -0.013613 0.00348629 -0.0304904 0.00805637 -0.00595091
internal_weight=1624.33 776.732 71.7273 847.594 790.11 121.081 669.029 653.721 582.287 43.5726 23.6795 538.714 513.33 239.24 211.822 180.679 145.316 126.342 88.607 64.4692 27.4179 71.4346 108.174 57.4836 31.1434 57.063 28.3451 28.7179 274.09 63.9011
internal_count=6843 3247 301 3596 3346 524 2822 2758 2459 183 98 2276 2168 1013 896 767 619 531 374 271 117 299 466 250 129 240 120 120 1155 267
is_linear=0
shrinkage=0.05


Tree=24
num_leaves=31
num_cat=0
split_feature=76 0 63 71 74 46 22 26 55 65 99 63 95 78 95 67 28 49 62 18 88 69 26 72 38 44 44 53 12 87
split_gain=8.72678 9.40061 9.30884 7.75494 10.5046 7.66732 9.42126 7.48126 10.5273 7.54395 7.43521 7.27902 7.33977 8.29889 7.17177 8.0105 9.99001 8.6716 8.34236 8.87952 8.20433 8.94863 7.76693 9.38317 7.86575 9.13368 8.50863 8.41072 6.86016 7.98183
threshold=1.9590349793434145 9.5000000000000018 1.1274700164794924 -0.56966000795364369 -0.62457460165023793 0.35416667163372045 0.5000000149011613 0.80714285373687755 1.7756299972534182 1.4510200023651125 0.89444443583488475 1.6197800040245058 0.451094999909401 -0.67387500405311573 1.5913343429565432 0.35043786466121679 1.0357143282890322 1.5418006777763369 1.6988800168037417 0.70000001788139354 -1.02142858505249 1.4004000425338747 1.2785714268684389 1.0505813956260683 0.29285715520381933 0.13392857462167743 0.10555555671453477 1.4212492108345034 1.0000000180025095e-35 -1.0000000180025095e-35
decision_type=10 2 10 8 10 2 2 2 10 10 2 10 10 8 10 10 2 2 10 2 2 10 2 8 2 2 2 2 2 2
left_child=1 5 10 4 11 14 -7 -8 9 -9 -2 -3 13 -13 15 18 -17 20 19 -1 -18 -22 28 -24 26 -26 -25 -27 -21 -30
right_child=2 3 -4 -5 -6 6 7 8 -10 -11 -12 12 -14 -15 -16 16 17 -19 -20 22 21 -23 23 24 25 27 -28 -29 29 -31
leaf_value=-0.036579315613707052 -0.010148960075560704 -0.0095609480309946458 0.026630484306993857 -0.0091423961214718869 0.036240441054971206 -0.016433926598091349 0.033401255828216646 -0.0044663457033029498 -0.04531128779687605 0.04225897605439697 0.027497986827443133 -0.036457292272270771 0.031071268466974958 0.026205887313826604 0.022897287252276473 0.061998622384536663 -0.008790807594545258 -0.0032496304679363605 -0.034306626454311755 0.010951738809593671 0.011656385192059868 0.074529797707703835 -0.033281168886840344 -0.022758854481581534 0.074915567308599176 0.047505747832153243 0.013496560798780137 0.0001474980800977607 0.01155028158463242 -0.014575060525626949
leaf_weight=14.976457700133322 52.942725494503975 97.638814851641655 55.01541168987751 588.33516192436218 20.87183153629303 112.48346251249313 19.197440162301064 31.224021658301353 11.53428742289543 11.942386567592619 17.433974504470825 11.627177044749258 27.629237875342369 9.6845560967922228 47.840396270155907 10.484432786703108 9.5479290932416898 48.530030205845833 17.243983015418053 61.435908585786819 10.245818227529528 12.642298072576521 11.15508411824703 20.048712223768234 9.4906367212533933 16.225739791989326 83.924361199140549 22.205645859241486 37.891717657446861 127.98540633916855
leaf_count=62 226 408 242 2460 89 471 82 131 48 51 76 48 117 41 214 46 40 206 72 261 43 55 46 84 41 69 355 93 159 533
internal_value=-0.00145064 -0.00250718 0.0112222 -0.00644036 0.00305316 0.00146558 -0.00732231 0.00654686 -0.0028778 0.00846065 -0.00082292 -0.00167245 0.0140654 -0.00798166 0.00438065 0.00265733 0.0160747 0.0101279 -0.000246291 0.00120271 0.0301431 0.0463846 0.00265223 0.0109797 0.0142302 0.0309897 0.00650557 0.0201422 -0.00332099 -0.00860718
internal_weight=1629.44 1504.04 125.392 755.787 167.452 748.256 186.382 73.8981 54.7007 43.1664 70.3767 146.58 48.941 21.3117 561.875 514.034 91.4505 80.9661 422.584 405.34 32.436 22.8881 390.363 163.05 151.895 47.922 103.973 38.4314 227.313 165.877
internal_count=6869 6325 544 3163 703 3162 783 312 230 182 302 614 206 89 2379 2165 390 344 1775 1703 138 98 1641 688 642 203 439 162 953 692
is_linear=0
shrinkage=0.05


Tree=25
num_leaves=31
num_cat=0
split_feature=92 5 80 65 42 53 62 42 88 32 49 59 73 74 31 43 93 93 84 58 60 49 90 26 71 92 87 84 62 64
split_gain=10.1877 12.1701 10.7058 10.165 7.5141 7.44957 7.3234 9.53722 7.96961 7.27939 6.87895 9.5677 9.48443 13.1037 11.201 8.95135 8.21337 8.15068 10.1046 7.64014 7.25467 11.4936 7.20031 8.14516 6.81974 8.48467 7.29114 6.65525 6.59733 7.82509
threshold=2.4704200029373173 -4.0885417461395255 1.3310843110084536 0.84696856141090404 0.73214286565780651 0.73649460077285778 1.0929499864578249 0.94999998807907116 0.63571429252624523 1.4365079402923586 2.4581993818283085 1.358878552913666 1.6351187825202944 -0.1756157577037811 0.94999998807907116 0.13392857462167743 0.070939999073743834 0.48966500163078314 -0.90000000596046437 0.98587501049041759 0.054020000621676452 1.2260017395019533 2.6258500814437871 1.47857141494751 0.24009499698877337 2.7994750738143925 1.0214285850524905 -0.70000001788139332 1.4075900316238406 0.124099999666214
decision_type=10 2 10 10 2 2 10 2 2 2 2 10 10 10 2 2 10 10 2 10 10 2 10 2 10 10 2 2 10 8
left_child=1 -1 6 27 -3 -6 7 -2 -9 -7 11 16 15 14 28 -13 -5 18 -18 -17 -20 -22 -16 -24 25 -19 -26 -4 -14 -30
right_child=2 4 3 10 5 9 -8 8 -10 -11 -12 12 13 -15 22 19 17 24 20 -21 21 -23 23 -25 26 -27 -28 -29 29 -31
leaf_value=-0.051850033734194334 -0.066486971104898651 -0.023588466505082863 0.012559190957186234 0.039033514627307184 0.038453923113711014 -0.0066157269905708325 -0.0011414848114811612 -0.035233196325018805 0.021634157986422514 0.0061370689898294613 0.030366272048592886 0.055708341859488253 0.0032896143071076919 -0.032084333764629248 -0.029550541932930621 0.057764213841974756 -0.058533771590618205 -0.0011050448377121732 -0.04342084736386919 0.011479133788665642 0.043637933330521933 -0.017989539316379626 0.047226239969312162 -0.0077686207111027448 -0.015171097006115797 0.061704981907963724 0.013683542232270366 0.068326503693945884 0.081270571557349139 0.0214034578608212
leaf_weight=13.828351646661757 9.9238518178462964 47.971706956624985 10.323975697159769 10.556104421615599 10.616571724414824 501.89047491550446 409.53604257106781 13.087631583213808 11.64098300039768 144.00491812825203 27.653697490692139 15.988178327679632 13.095928847789763 23.940757870674133 19.092867076396942 9.797251030802725 13.942005291581152 12.176672801375391 12.122303411364554 99.095111504197121 11.053154602646826 23.978145062923431 9.7875847667455691 21.571935743093491 58.750220715999603 9.6280729472637159 34.897171780467033 11.103980362415312 9.8443032056093216 12.250761821866035
leaf_count=57 41 203 46 45 45 2096 1735 54 50 604 129 69 55 100 79 42 57 51 50 420 47 100 42 91 246 42 149 49 43 53
internal_value=-0.000940616 -0.00539728 0.00255867 0.00781329 -0.00448546 -0.00308959 -0.003009 -0.02508 -0.00846292 -0.00377244 0.00620844 0.00462376 0.0113526 0.000617427 0.00975888 0.0207729 -0.00380837 -0.00636996 -0.0211383 0.0156435 -0.0100815 0.0014553 -0.00534282 0.00939576 0.00144524 0.0266293 -0.00441858 0.0414578 0.0314098 0.0480768
internal_weight=1633.15 718.312 914.839 470.65 704.484 656.512 444.189 34.6525 24.7286 645.895 449.222 421.569 234.465 109.584 85.6434 124.881 187.104 176.548 61.0956 108.892 47.1536 35.0313 50.4524 31.3595 115.452 21.8047 93.6474 21.428 35.191 22.0951
internal_count=6890 3005 3885 2005 2948 2745 1880 145 104 2700 1910 1781 994 463 363 531 787 742 254 462 197 147 212 133 488 93 395 95 151 96
is_linear=0
shrinkage=0.05


end of trees

feature_importances:
derived_expectedGoalsTotal10=22
derived_expectedGoalsAsym10=22
away_restDays=21
home_form10_goalsForWAvg10=20
derived_restGap=18
away_form10_goalsAgainstAvg10=18
home_form5_goalsAgainstWAvg5=17
home_xg10_xgAgainstWAvg10=17
away_xg10_xgForAvg10=17
derived_goalForGapW5=17
home_xg5_xgAgainstWAvg5=16
home_xg10_xgForAvg10=16
home_xg10_xgDiffAvg10=15
home_form5_pointsWAvg5=14
home_form5_goalsForWAvg5=14
home_form10_goalsForAvg10=14
away_form10_pointsWAvg10=14
away_xg10_xgAgainstAvg10=14
derived_expectedGoalsAsym5=13
derived_expectedGoalsTotalW5=13
derived_expectedGoalsTotalW10=13
home_xg5_xgDiffWAvg5=12
away_xg5_xgForAvg5=12
derived_pointsGapW5=12
derived_goalsAgainstGapW5=12
derived_bttsSuppress10=12
home_position=11
away_form5_pointsWAvg5=11
away_form5_goalsForWAvg5=11
away_form10_csRate10=11
away_form10_goalsForWAvg10=11
away_form10_goalsAgainstWAvg10=11
away_xg5_xgDiffWAvg5=11
derived_expectedGoalsAsymW5=11
home_restDays=10
home_xg5_xgForWAvg5=10
away_xg10_xgAgainstWAvg10=10
derived_expectedGoalsTotal5=10
away_position=9
home_xg5_xgDiffAvg5=9
away_xg5_xgAgainstAvg5=9
away_xg5_xgDiffAvg5=9
away_form5_goalsAgainstWAvg5=8
home_form10_pointsAvg10=8
away_form10_winRate10=8
home_form10_goalsAgainstWAvg10=8
home_xg10_xgAgainstAvg10=8
away_xg10_xgForWAvg10=8
away_xg10_xgDiffWAvg10=8
home_form10_goalsAgainstAvg10=7
home_xg5_xgAgainstAvg5=7
away_xg5_xgForWAvg5=7
home_xg10_xgDiffWAvg10=7
derived_positionGap=6
away_form5_csRate5=6
home_form10_drawRate10=6
home_form10_lossRate10=6
away_form10_drawRate10=6
home_form10_pointsWAvg10=6
home_xg10_xgForWAvg10=6
away_xg10_xgDiffAvg10=6
derived_expectedGoalsAsymW10=6
away_form5_goalsAgainstAvg5=5
away_form10_pointsAvg10=5
home_xg5_xgForAvg5=5
derived_bttsSuppress5=5
home_form5_pointsAvg5=4
home_form5_lossRate5=4
away_form5_drawRate5=4
away_form10_goalsForAvg10=4
away_form10_lossRate10=4
away_xg5_xgAgainstWAvg5=4
home_form5_goalsForAvg5=3
away_form5_lossRate5=3
derived_goalsAgainstGap5=3
home_form5_goalsAgainstAvg5=2
home_form10_csRate10=2
away_form10_matches=2
derived_pointsGap5=2
away_form5_goalsForAvg5=1
away_form5_winRate5=1
away_form5_ftsRate5=1
home_form10_winRate10=1
home_form10_ftsRate10=1
away_form10_ftsRate10=1
home_xg10_sampleSize=1
away_xg10_sampleSize=1
derived_goalForGap5=1
lg_181=1
lg_271=1
lg_384=1

parameters:
[boosting: gbdt]
[objective: binary]
[metric: binary_logloss]
[tree_learner: serial]
[device_type: cpu]
[data_sample_strategy: bagging]
[data: ]
[valid: ]
[num_iterations: 2000]
[learning_rate: 0.05]
[num_leaves: 31]
[num_threads: 0]
[seed: 42]
[deterministic: 0]
[force_col_wise: 0]
[force_row_wise: 0]
[histogram_pool_size: -1]
[max_depth: -1]
[min_data_in_leaf: 40]
[min_sum_hessian_in_leaf: 0.001]
[bagging_fraction: 0.9]
[pos_bagging_fraction: 1]
[neg_bagging_fraction: 1]
[bagging_freq: 1]
[bagging_seed: 400]
[bagging_by_query: 0]
[feature_fraction: 0.9]
[feature_fraction_bynode: 1]
[feature_fraction_seed: 30056]
[extra_trees: 0]
[extra_seed: 12879]
[early_stopping_round: 0]
[early_stopping_min_delta: 0]
[first_metric_only: 0]
[max_delta_step: 0]
[lambda_l1: 0]
[lambda_l2: 0]
[linear_lambda: 0]
[min_gain_to_split: 0]
[drop_rate: 0.1]
[max_drop: 50]
[skip_drop: 0.5]
[xgboost_dart_mode: 0]
[uniform_drop: 0]
[drop_seed: 17869]
[top_rate: 0.2]
[other_rate: 0.1]
[min_data_per_group: 100]
[max_cat_threshold: 32]
[cat_l2: 10]
[cat_smooth: 10]
[max_cat_to_onehot: 4]
[top_k: 20]
[monotone_constraints: ]
[monotone_constraints_method: basic]
[monotone_penalty: 0]
[feature_contri: ]
[forcedsplits_filename: ]
[refit_decay_rate: 0.9]
[cegb_tradeoff: 1]
[cegb_penalty_split: 0]
[cegb_penalty_feature_lazy: ]
[cegb_penalty_feature_coupled: ]
[path_smooth: 0]
[interaction_constraints: ]
[verbosity: -1]
[saved_feature_importance_type: 0]
[use_quantized_grad: 0]
[num_grad_quant_bins: 4]
[quant_train_renew_leaf: 0]
[stochastic_rounding: 1]
[linear_tree: 0]
[max_bin: 255]
[max_bin_by_feature: ]
[min_data_in_bin: 3]
[bin_construct_sample_cnt: 200000]
[data_random_seed: 175]
[is_enable_sparse: 1]
[enable_bundle: 1]
[use_missing: 1]
[zero_as_missing: 0]
[feature_pre_filter: 1]
[pre_partition: 0]
[two_round: 0]
[header: 0]
[label_column: ]
[weight_column: ]
[group_column: ]
[ignore_column: ]
[categorical_feature: ]
[forcedbins_filename: ]
[precise_float_parser: 0]
[parser_config_file: ]
[objective_seed: 16083]
[num_class: 1]
[is_unbalance: 0]
[scale_pos_weight: 0.929492]
[sigmoid: 1]
[boost_from_average: 1]
[reg_sqrt: 0]
[alpha: 0.9]
[fair_c: 1]
[poisson_max_delta_step: 0.7]
[tweedie_variance_power: 1.5]
[lambdarank_truncation_level: 30]
[lambdarank_norm: 1]
[label_gain: ]
[lambdarank_position_bias_regularization: 0]
[eval_at: ]
[multi_error_top_k: 1]
[auc_mu_weights: ]
[num_machines: 1]
[local_listen_port: 12400]
[time_out: 120]
[machine_list_filename: ]
[machines: ]
[gpu_platform_id: -1]
[gpu_device_id: -1]
[gpu_use_dp: 0]
[num_gpu: 1]

end of parameters

pandas_categorical:null
