tree
version=v4
num_class=1
num_tree_per_iteration=1
label_index=0
max_feature_idx=119
objective=binary sigmoid:1
feature_names=home_position away_position derived_positionGap home_restDays away_restDays derived_restGap home_form5_matches home_form5_pointsAvg5 home_form5_goalsForAvg5 home_form5_goalsAgainstAvg5 home_form5_winRate5 home_form5_drawRate5 home_form5_lossRate5 home_form5_csRate5 home_form5_ftsRate5 away_form5_matches away_form5_pointsAvg5 away_form5_goalsForAvg5 away_form5_goalsAgainstAvg5 away_form5_winRate5 away_form5_drawRate5 away_form5_lossRate5 away_form5_csRate5 away_form5_ftsRate5 home_form5_pointsWAvg5 home_form5_goalsForWAvg5 home_form5_goalsAgainstWAvg5 away_form5_pointsWAvg5 away_form5_goalsForWAvg5 away_form5_goalsAgainstWAvg5 home_form10_matches home_form10_pointsAvg10 home_form10_goalsForAvg10 home_form10_goalsAgainstAvg10 home_form10_winRate10 home_form10_drawRate10 home_form10_lossRate10 home_form10_csRate10 home_form10_ftsRate10 away_form10_matches away_form10_pointsAvg10 away_form10_goalsForAvg10 away_form10_goalsAgainstAvg10 away_form10_winRate10 away_form10_drawRate10 away_form10_lossRate10 away_form10_csRate10 away_form10_ftsRate10 home_form10_pointsWAvg10 home_form10_goalsForWAvg10 home_form10_goalsAgainstWAvg10 away_form10_pointsWAvg10 away_form10_goalsForWAvg10 away_form10_goalsAgainstWAvg10 home_xg5_sampleSize home_xg5_xgForAvg5 home_xg5_xgAgainstAvg5 home_xg5_xgDiffAvg5 home_xg5_xgForWAvg5 home_xg5_xgAgainstWAvg5 home_xg5_xgDiffWAvg5 away_xg5_sampleSize away_xg5_xgForAvg5 away_xg5_xgAgainstAvg5 away_xg5_xgDiffAvg5 away_xg5_xgForWAvg5 away_xg5_xgAgainstWAvg5 away_xg5_xgDiffWAvg5 home_xg10_sampleSize home_xg10_xgForAvg10 home_xg10_xgAgainstAvg10 home_xg10_xgDiffAvg10 home_xg10_xgForWAvg10 home_xg10_xgAgainstWAvg10 home_xg10_xgDiffWAvg10 away_xg10_sampleSize away_xg10_xgForAvg10 away_xg10_xgAgainstAvg10 away_xg10_xgDiffAvg10 away_xg10_xgForWAvg10 away_xg10_xgAgainstWAvg10 away_xg10_xgDiffWAvg10 derived_pointsGap5 derived_goalForGap5 derived_goalsAgainstGap5 derived_homeSample5 derived_awaySample5 derived_pointsGapW5 derived_goalForGapW5 derived_goalsAgainstGapW5 derived_expectedGoalsTotal5 derived_expectedGoalsAsym5 derived_expectedGoalsTotal10 derived_expectedGoalsAsym10 derived_expectedGoalsTotalW5 derived_expectedGoalsAsymW5 derived_expectedGoalsTotalW10 derived_expectedGoalsAsymW10 derived_bttsSuppress5 derived_bttsSuppress10 lg_8 lg_9 lg_72 lg_82 lg_181 lg_208 lg_244 lg_271 lg_301 lg_384 lg_387 lg_444 lg_453 lg_462 lg_501 lg_564 lg_567 lg_573 lg_591 lg_600
feature_infos=[1:24] [1:24] [-22:22] [2.6875:101.91666412353516] [2.6875:105.10416412353516] [-86.03125:84.854164123535156] none [0:3] [0:4.4000000953674316] [0:4] [0:1] [0:1] [0:1] [0:1] [0:1] none [0:3] [0:4.4000000953674316] [0:4.1999998092651367] [0:1] [0:1] [0:1] [0:1] [0:1] [0:3] [0:4.3571429252624512] [0:4.4857144355773926] [0:3] [0:4.7857141494750977] [0:4.4571428298950195] [5:10] [0:3] [0.10000000149011612:3.7999999523162842] [0:3.2999999523162842] [0:1] [0:0.89999997615814209] [0:1] [0:1] [0:0.89999997615814209] [5:10] [0:3] [0.10000000149011612:4] [0:3.4000000953674316] [0:1] [0:0.83333331346511841] [0:1] [0:1] [0:0.89999997615814209] [0:3] [0.083601288497447968:3.8936169147491455] [0:3.3558719158172607] [0:3] [0.06752411276102066:4.2122187614440918] [0:3.4417476654052734] [0:5] [0.26409998536109924:3.5242400169372559] [0.2951200008392334:3.5705399513244629] [-2.8651199340820312:2.6234200000762939] [0.26409998536109924:3.6779000759124756] [0.31259429454803467:3.5530400276184082] [-2.8455729484558105:2.6983785629272461] [0:5] [0.41398000717163086:3.8110198974609375] [0.26409998536109924:3.4770400524139404] [-2.4251599311828613:2.9379000663757324] [0.40584000945091248:3.8747828006744385] [0.2519385814666748:3.4946799278259277] [-2.5645513534545898:3.0060315132141113] [0:10] [0.26409998536109924:3.3372199535369873] [0.26409998536109924:3.2222375869750977] [-2.4500374794006348:2.5440800189971924] [0.26409998536109924:3.4629852771759033] [0.26409998536109924:3.344531774520874] [-2.579836368560791:2.6163344383239746] [0:10] [0.29609999060630798:3.2297499179840088] [0.39039000868797302:3.0834500789642334] [-2.3420300483703613:2.4184699058532715] [0.29609999060630798:3.4187443256378174] [0.38098007440567017:3.1137113571166992] [-2.3927450180053711:2.6202044486999512] [-3:3] [-3.5999999046325684:3.5999999046325684] [-3.4000000953674316:3] none none [-3:3] [-3.942857027053833:3.8714284896850586] [-3.4000000953674316:3.2000000476837158] [0.8618999719619751:6.2237601280212402] [0.00028000000747852027:3.6858549118041992] [0.8618999719619751:5.5706768035888672] [0.00023999999393709004:3.6145000457763672] [0.8618999719619751:6.0259742736816406] [0.00022000000171829015:4.0366888046264648] [0.8618999719619751:5.6218767166137695] [3.9228296373039484e-05:3.5502192974090576] [0:1.6000000238418579] [0:1.6000000238418579] [0:1] [0:1] [0:1] [0:1] [0:1] [0:1] [0:1] [0:1] [0:1] [0:1] [0:1] [0:1] [0:1] [0:1] [0:1] [0:1] [0:1] [0:1] [0:1] [0:1]
tree_sizes=3307 3454 3442 3470 3462 3450

Tree=0
num_leaves=31
num_cat=0
split_feature=96 98 49 87 69 4 29 65 17 36 72 3 26 3 17 48 42 4 76 23 49 89 66 53 52 93 93 65 63 5
split_gain=26.969 13.7634 11.934 11.5735 13.154 12.0593 11.807 13.1116 10.3983 10.0677 10.4444 11.7424 9.90119 9.56993 9.4065 8.7846 8.23133 9.28945 8.22896 9.8075 10.2188 9.09404 8.40135 8.22018 8.206 8.08985 8.07551 8.06996 8.01295 10.6883
threshold=3.1533454656600957 0.5000000149011613 1.528938949108124 -1.3928571343421934 1.2103866338729861 7.1197917461395273 0.99285712838172924 1.4133614301681521 0.5000000149011613 0.64583334326744091 1.4252157211303713 12.942708492279055 1.8357142806053164 13.781250000000002 1.6999999880790713 2.0691318511962895 2.3875000476837163 6.9427082538604745 1.1893100142478945 0.30000000447034841 1.0165492296218874 -0.20714285969734189 1.2127550244331362 1.1655948758125307 1.9103031158447268 1.1069949865341189 0.22945500165224078 0.8890092968940736 1.5539699792861941 0.085069444030523314
decision_type=10 2 2 2 10 2 2 10 2 2 10 2 2 2 2 2 2 2 10 2 2 2 10 2 2 10 8 8 10 2
left_child=3 2 24 4 -1 8 7 -6 -5 10 11 -7 -12 -13 15 16 17 -10 -3 20 22 -22 -20 -4 -2 -21 -16 -19 29 -17
right_child=1 18 23 5 6 9 -8 -9 14 -11 12 13 -14 -15 26 28 -18 27 19 25 21 -23 -24 -25 -26 -27 -28 -29 -30 -31
leaf_value=0.14803339234816751 0.27377087255348959 0.14839488069937484 0.17236160001958223 0.20583099995973445 0.21027192538367898 0.17175589009658798 0.2349877072404814 0.12681450116845 0.17522656256241745 0.1423389956751373 0.15319254638667576 0.22621620529716363 0.20069446221315032 0.1858841837629287 0.22696762563052289 0.13247796805672063 0.2170482701708005 0.14739044431851228 0.13119006990244791 0.22120576144719029 0.17422364240823476 0.19879019230305803 0.19176223506750117 0.21255769598752997 0.21433024279753088 0.17827719498884023 0.18938270661151382 0.19414609494820492 0.12196900156979004 0.20199071440634131
leaf_weight=62.272900283336639 10.925789207220079 12.265045598149298 18.541644707322121 48.642845794558525 8.9468087106943184 186.65503971278667 9.3875515609979612 9.9289581626653654 339.3781765550375 25.607368946075439 77.853415042161942 17.634406507015228 12.769207313656805 88.623846292495728 16.977654561400414 9.6380378156900424 15.180206000804899 9.9606675952672941 14.828634515404703 38.88669490814209 60.717634797096252 99.247222766280174 9.3241326957941038 40.50261153280735 12.391883328557013 15.289594411849974 90.334891214966774 125.59497956931591 12.115223094820974 12.973724022507666
leaf_count=269 53 53 82 222 41 825 44 42 1505 110 338 82 58 397 79 41 70 43 63 180 269 450 42 186 57 68 406 567 51 59
internal_value=0.181595 0.194164 0.211896 0.178051 0.160873 0.179477 0.189162 0.166372 0.183555 0.172693 0.17472 0.179309 0.159886 0.192578 0.18184 0.179083 0.180804 0.179646 0.188335 0.190391 0.184888 0.189466 0.154574 0.199935 0.242182 0.20909 0.195329 0.19071 0.154781 0.172362
internal_weight=1513.4 332.921 82.3619 1180.48 90.5362 1089.94 28.2633 18.8758 680.796 409.143 383.536 292.913 90.6226 106.258 632.154 524.841 490.114 474.934 250.559 238.294 184.118 159.965 24.1528 59.0443 23.3177 54.1763 107.313 135.556 34.727 22.6118
internal_count=6752 1503 378 5249 396 4853 127 83 3043 1810 1700 1304 396 479 2821 2336 2185 2115 1125 1072 824 719 105 268 110 248 485 610 151 100
is_linear=0
shrinkage=1


Tree=1
num_leaves=31
num_cat=0
split_feature=94 93 42 73 71 40 36 48 2 31 38 32 70 58 46 53 94 62 43 57 50 25 25 26 55 56 77 42 93 29
split_gain=24.7622 15.3292 13.4091 12.1111 11.1722 10.0996 9.58052 11.1297 10.5215 10.408 10.3277 9.37304 11.2188 8.88527 8.83276 9.45174 9.18836 8.73093 8.61578 9.71321 15.0462 8.28817 8.41266 8.09354 8.05301 7.89641 7.88147 7.41483 8.78628 8.06308
threshold=3.2164635658264165 1.0958533287048342 0.58571431040763866 1.9042297601699831 -0.20392500609159467 2.3875000476837163 0.61250001192092907 2.0530546903610234 -12.499999999999998 1.7071428894996645 1.0000000180025095e-35 2.4142857789993291 1.1732700467109682 1.3787800073623659 0.58571431040763866 0.9983922839164735 2.0740486383438115 1.5315499901771548 0.11805555596947671 -0.92460998892784108 1.9721077084541323 0.73571428656578075 0.57857143878936779 1.3214285969734194 0.84459999203681957 1.0608200430870058 1.6153200268745425 2.3875000476837163 0.57845142483711254 0.9357142746448518
decision_type=10 10 2 10 10 2 2 2 2 2 2 2 10 10 2 2 8 8 2 8 2 2 2 2 10 8 10 2 10 2
left_child=2 11 -1 4 -3 -6 7 8 26 10 -10 12 -2 -11 15 16 -12 -9 -8 20 -20 22 -18 -15 -22 -23 -4 29 -29 -17
right_child=1 3 6 -5 5 -7 18 17 9 13 14 -13 -14 23 -16 27 21 -19 19 -21 24 25 -24 -25 -26 -27 -28 28 -30 -31
leaf_value=-0.04600337548111981 -0.0096757887080309649 -0.04961269967011344 -0.047877841430255405 0.033353306047884626 -0.018082543086933172 0.036803229983529369 0.014604264154744606 -0.038708863632388513 -0.044062954514092971 0.018976010970993527 0.019322285009487569 0.044726941191929104 0.015209312169890632 -0.030361916107492351 0.028005277360245436 0.0099698404109647368 -0.020345059924765103 -0.0057778687405397947 0.046628440844555134 -0.04360992755810638 -0.054954719086328423 0.025897916709987048 -0.079488059835528924 0.019091296772600384 0.0021661374822441498 -0.022768782411476979 0.0026725534451680442 -0.014085473013820907 0.042323832617707585 -0.009443506073667278
leaf_weight=28.612888142466545 65.863419711589813 23.325653046369553 27.93751934170723 12.058377295732496 49.556857094168663 10.087633788585661 11.632517397403715 56.418973460793495 20.63492751121521 64.650351107120514 13.106169894337652 18.314400240778923 144.99693901836872 22.456186860799789 16.466034218668938 59.268451943993568 11.570495516061785 31.290469035506248 8.7492227256298047 57.373923867940903 13.878843471407892 9.1160745769739133 12.51736083626747 13.099887818098066 11.109435528516768 97.279626399278641 10.650253280997275 11.906766280531885 16.4266167730093 548.22002279758453
leaf_count=123 294 100 120 56 219 47 53 244 89 296 60 86 663 98 76 269 51 140 41 247 59 42 52 60 50 428 48 53 77 2444
internal_value=-0.00881733 0.0034153 -0.0121943 -0.0134688 -0.0202736 -0.00879975 -0.01135 -0.00991503 -0.00835002 -0.00727344 -0.00913984 0.0104164 0.00743631 0.00793449 -0.00823437 -0.00899998 -0.0205864 -0.0269607 -0.0259175 -0.0310911 -0.00980158 -0.0245949 -0.051079 -0.0121419 -0.0295596 -0.018599 -0.0339259 -0.00638339 0.0186185 -0.00754948
internal_weight=1498.58 324.203 1174.37 95.0285 82.9701 59.6445 1145.76 1043.02 955.307 916.719 816.513 229.175 210.86 100.206 795.878 779.412 143.59 87.7094 102.744 91.1114 33.7375 130.484 24.0879 35.5561 24.9883 106.396 38.5878 635.822 28.3334 607.488
internal_count=6685 1465 5220 422 366 266 5097 4647 4263 4095 3641 1043 957 454 3552 3476 633 384 450 397 150 573 103 158 109 470 168 2843 130 2713
is_linear=0
shrinkage=0.05


Tree=2
num_leaves=31
num_cat=0
split_feature=96 98 67 49 28 24 27 34 84 84 96 42 41 80 51 49 67 80 32 48 55 87 90 66 53 28 11 24 46 49
split_gain=25.6329 16.6521 11.6369 11.5295 9.87196 12.3686 10.3078 13.1098 9.78647 9.97388 8.46168 8.44198 8.3767 8.37895 8.01598 7.90333 11.8049 10.7158 10.693 9.5994 8.67173 9.71648 7.67749 7.05552 6.90235 6.74597 6.48538 6.33652 7.27353 7.21876
threshold=3.1533454656600957 0.5000000149011613 0.77218070626258861 1.528938949108124 2.3214285373687749 0.73571428656578075 0.27857144176959997 0.58571431040763866 -1.4999999999999998 -1.3000000119209287 2.5930052995681767 0.58571431040763866 0.5634920895099641 0.84655597805976879 0.41669552028179174 1.0165492296218874 0.37098643183708196 1.1986024379730227 2.4142857789993291 1.7601904869079592 2.2333799600601201 1.3642857074737551 2.2174299955368046 0.98753288388252269 1.1872073411941531 1.8642857074737551 0.30000000447034841 1.9214285612106325 0.47222222387790685 1.8395170569419863
decision_type=10 2 10 2 2 2 2 2 2 2 10 2 2 8 2 2 10 10 2 2 10 2 10 10 2 2 2 2 2 2
left_child=2 3 4 -2 6 -6 7 22 10 -10 -8 -11 -13 -14 -15 17 20 -3 19 23 -17 -22 -1 -18 -5 -26 -25 -21 29 -29
right_child=1 15 -4 24 5 -7 8 -9 9 11 -12 12 13 14 -16 16 18 -19 -20 27 21 -23 -24 26 25 -27 -28 28 -30 -31
leaf_value=0.00039147281623820552 0.053480176033841136 -0.052411068744326807 -0.034562261660079502 -0.01289236865761747 -0.033436148568108094 0.027879279278184083 -0.018407214225184175 -0.045227377917687252 0.027260400969395401 -0.044107553087304845 -0.077651313030245694 0.019906679817515694 0.035236952988515029 -0.057454452286479621 -0.013221741508365331 -0.0044052677359345876 -0.0009337422726554169 0.009535588194192042 0.053891478371894619 -0.041053238033858686 -0.065827161971044032 -0.0016237590982315674 0.039415091159873489 0.048468665506531054 0.0056518043221342488 0.047758762219995719 0.007805112341982271 0.017028871833817343 0.035462041685936307 -0.038269343199758041
leaf_weight=27.978825271129608 22.43412584066391 17.416575789451603 56.489777624607086 19.582768902182579 11.062047615647314 32.065792322158813 13.583205193281175 9.7825469225645048 15.407781541347502 21.720267832279205 10.834503889083861 19.434633821249008 8.8257820010185224 10.356687054038046 929.69674232602119 67.331652641296387 31.522179648280144 11.65151374042034 12.413828343152998 13.614985108375548 14.237818062305452 10.054410293698309 22.936105594038963 22.466217845678329 22.444795057177544 16.508334040641785 17.399324208498001 10.060582667589189 9.8780665546655637 14.276818379759787
leaf_count=126 107 74 245 87 48 148 60 42 71 93 45 89 41 44 4122 302 142 53 59 59 60 45 107 106 102 78 79 46 46 62
internal_value=-0.00898162 0.00327423 -0.0124137 0.0230034 -0.0113101 0.0121522 -0.0122379 0.00778521 -0.0134181 -0.0126585 -0.0446947 -0.0132797 -0.0125882 -0.0132538 -0.0137091 -0.00305679 0.000136235 -0.0275807 0.00972856 0.00513001 -0.0136446 -0.0392538 0.0179708 0.0167435 0.011323 0.0234967 0.030721 -0.0122032 -0.000723289 -0.0154102
internal_weight=1523.47 333.294 1190.17 80.97 1133.68 43.1278 1090.56 60.6975 1029.86 1005.44 24.4177 990.034 968.314 948.879 940.053 252.324 223.256 29.0681 131.632 119.218 91.6239 24.2922 50.9149 71.3877 58.5359 38.9531 39.8655 47.8305 34.2155 24.3374
internal_count=6788 1507 5281 374 5036 196 4840 275 4565 4460 105 4389 4296 4207 4166 1133 1006 127 599 540 407 105 233 327 267 180 185 213 154 108
is_linear=0
shrinkage=0.05


Tree=3
num_leaves=31
num_cat=0
split_feature=96 80 51 42 71 78 78 51 2 48 36 62 46 49 95 41 90 4 51 65 34 79 90 27 38 109 69 5 72 25
split_gain=26.5843 12.3578 12.6283 10.7557 10.5835 9.90113 9.59518 8.69015 8.66485 8.60579 9.76586 9.72091 8.43997 8.30675 8.03204 7.73483 10.563 7.57713 7.37042 7.24205 14.8636 10.6054 8.76725 8.40511 7.79846 9.20987 10.7559 9.30603 9.02475 8.21803
threshold=3.1604561805725102 0.83409082889556896 2.6672025918960576 0.58571431040763866 0.56345498561859142 0.72980502247810375 0.89830997586250316 2.3585208654403691 -4.4999999999999991 2.0805776119232182 0.61250001192092907 1.4982799887657168 0.58571431040763866 1.0165492296218874 1.0819535255432131 0.5634920895099641 2.1638699769973759 7.0003471374511728 0.791243076324463 1.2140278816223147 0.52777779102325451 1.3648882508277895 2.7902799844741826 0.27857144176959997 0.58571431040763866 1.0000000180025095e-35 1.1680650115013125 -0.91145834326744068 0.94320306181907665 0.73571428656578075
decision_type=10 10 2 2 10 10 10 2 2 2 2 8 2 2 8 2 10 2 2 8 2 10 10 2 2 2 10 2 8 2
left_child=3 2 7 -1 13 8 9 -2 -6 10 12 -11 15 -3 -14 16 -5 18 -12 21 23 22 -17 -21 25 27 -27 29 -29 -25
right_child=1 4 -4 6 5 -7 -8 -9 -10 11 17 -13 14 -15 -16 19 -18 -19 -20 20 -22 -23 -24 24 -26 26 -28 28 -30 -31
leaf_value=-0.039917716509617611 -0.026977777775437639 -0.01215419880289201 -0.072809622971985177 -0.0072488337013240983 0.0052351789074193437 0.03024343921442902 -0.049011908396157544 0.033176330594219747 -0.022652942857158211 -0.039556747233579381 0.028232168634506602 -0.0030374240457784886 0.061743774254623442 0.02125737728202438 -0.0026059308409765915 -0.0099076061787358553 0.057920553126726039 -0.040191412226319743 -0.019671370811825507 0.031811758463311371 0.028198005182733396 -0.063189072968194551 -0.037957402101160775 -0.047400086204802828 0.023128468196354893 -0.074811143484019085 -0.0041665367988925027 0.028321602839976229 -0.005944408218705296 -0.013806413709030498
leaf_weight=31.299557402729988 16.414405316114429 21.407511815428734 9.3358141779899579 15.202076375484468 58.839289709925652 19.987485244870186 15.719725325703619 9.466548874974249 52.887336626648903 48.246551856398582 9.5125806331634504 29.281564965844154 8.588171526789667 141.9866299033165 11.138464152812956 256.22584627568722 10.521117746829985 40.058227390050888 51.508201166987419 13.557392612099646 31.412751868367195 10.906356006860731 31.255849957466125 22.427314430475235 19.418037012219429 11.296590045094492 10.301353380084036 20.198235541582108 394.86693286895752 96.700113594532013
leaf_count=134 72 95 39 68 266 93 67 44 233 207 44 131 41 656 50 1139 50 172 226 63 145 46 135 96 89 47 46 93 1761 428
internal_value=-0.00751122 0.0050376 -0.0229577 -0.0109956 0.00837843 -0.0021678 -0.0102141 -0.00497504 -0.00796605 -0.00968035 -0.00850964 -0.0257638 -0.00695933 0.0168799 0.0254093 -0.00763553 0.0194063 -0.0232954 -0.0122036 -0.00839279 -0.00531331 -0.0147933 -0.0129573 -0.00710126 -0.00801842 -0.00910662 -0.0411165 -0.00781243 -0.00427693 -0.0201309
internal_weight=1519.97 330.325 35.2168 1189.64 295.108 131.714 1158.34 25.881 111.727 1142.62 1065.1 77.5281 964.017 163.394 19.7266 944.29 25.7232 101.079 61.0208 918.567 620.179 298.388 287.482 588.766 575.209 555.791 21.5979 534.193 415.065 119.127
internal_count=6776 1498 155 5278 1343 592 5144 116 499 5077 4739 338 4297 751 91 4206 118 442 270 4088 2768 1320 1274 2623 2560 2471 93 2378 1854 524
is_linear=0
shrinkage=0.05


Tree=4
num_leaves=31
num_cat=0
split_feature=94 48 42 87 72 59 62 93 59 32 76 3 73 71 28 49 38 67 29 55 93 52 43 32 11 63 28 88 93 97
split_gain=20.3473 11.6051 12.068 9.31172 10.4519 9.34876 9.26903 9.02552 11.3216 9.72647 8.98742 8.67043 8.04431 9.03625 7.91742 7.69632 7.61812 7.44843 8.59767 11.8998 9.42034 7.98401 9.66941 9.59067 8.92991 8.35467 8.20979 9.79658 10.1527 7.83871
threshold=3.2164635658264165 2.0805776119232182 0.58571431040763866 -1.4499999880790708 1.3380956649780276 2.1477093696594243 1.5272700190544131 1.1069949865341189 1.5181876420974734 2.4142857789993291 1.4100349545478823 3.2135416269302373 1.9125835895538332 -0.2530550062656402 2.5357142686843877 1.9726688265800478 1.0000000180025095e-35 0.77218070626258861 0.72142857313156139 0.98866999149322521 0.55611997842788707 1.4249845743179324 0.18333333730697635 1.2111111283302309 0.70000001788139354 1.2936500310897829 1.2785714268684389 -0.4785714298486709 0.88220444321632396 0.2758548259735108
decision_type=10 2 2 2 10 10 8 10 10 2 10 2 10 10 2 2 2 10 2 8 10 2 2 2 2 10 2 2 8 8
left_child=1 2 -1 4 -4 14 -3 8 9 11 -10 -2 13 -9 17 -8 -13 18 19 -5 -21 22 -20 25 -24 -23 -25 29 -29 -28
right_child=7 6 3 5 -6 -7 15 12 10 -11 -12 16 -14 -15 -16 -17 -18 -19 21 20 -22 23 24 26 -26 -27 27 28 -30 -31
leaf_value=-0.041040321010333364 0.041052280723805484 -0.040713216084198839 -0.033904766940727048 0.057979642989125182 0.016987993357468877 0.0129832408295088 0.015872568145901954 -0.044425291071472223 0.073655007423790456 0.040828222183574847 0.019165604967833018 -0.03165791105493073 0.02926534838568709 -0.0059424036757261363 0.02760243004030867 -0.037068301772864354 1.4626224709916417e-05 -0.033406859036677242 -0.0011534960762356779 0.0093130077867550187 -0.036159538021175129 -0.022794241335092284 -0.017465083310623807 0.04747262972039952 0.02841643921626304 0.002989838404713925 0.067254105748833157 -0.027666196717982969 0.012601074366887259 0.011885981698170267
leaf_weight=29.557641744613647 11.083584204316137 55.426324352622032 62.597258687019348 10.136002033948897 12.026720762252806 53.287665024399757 16.915444955229763 20.089624762535095 8.8979243785142881 14.773648604750631 50.610634848475456 22.394299000501633 11.580229476094244 63.378403633832932 14.920330584049223 11.554182872176169 124.7262841463089 30.515144690871239 135.10128785669804 55.700011879205704 14.317170664668081 71.169601932168007 446.91503641009331 12.161176458001135 10.862787470221518 56.246551305055618 8.3460508435964567 32.025764480233192 30.620688557624817 27.308743119239807
leaf_count=126 52 237 270 48 55 242 77 86 43 70 234 98 54 283 69 50 563 132 606 252 62 312 1969 57 50 253 40 140 139 124
internal_value=-0.00784916 -0.0108691 -0.00951838 -0.00865907 -0.0257027 -0.00739934 -0.0288022 0.00319419 0.00850121 0.00202948 0.027313 -0.00159368 -0.00978669 -0.0152047 -0.00853506 -0.00561308 -0.00480648 -0.00910779 -0.00829378 0.00734486 1.47445e-05 -0.00980263 -0.0129075 -0.00206427 -0.0163763 -0.0114121 0.00871829 0.00392386 -0.00798413 0.0248465
internal_weight=1525.25 1197.71 1113.82 1084.26 74.624 1009.63 83.896 327.535 232.486 172.978 59.5086 158.204 95.0483 83.468 956.346 28.4696 147.121 941.426 910.911 80.1532 70.0172 830.758 592.879 237.879 457.778 127.416 110.462 98.3012 62.6465 35.6548
internal_count=6793 5310 4946 4820 325 4495 364 1483 1060 783 277 713 423 369 4253 127 661 4184 4052 362 314 3690 2625 1065 2019 565 500 443 279 164
is_linear=0
shrinkage=0.05


Tree=5
num_leaves=31
num_cat=0
split_feature=98 96 63 7 63 42 5 33 90 29 3 57 60 24 2 28 95 97 92 81 0 36 52 47 57 26 26 53 5 59
split_gain=18.1123 11.7388 11.3386 10.4076 10.0112 7.98139 9.7033 8.64642 11.3699 10.0831 8.32896 8.80538 16.9314 8.72619 9.45891 10.6749 8.50855 8.28475 8.08759 9.36801 9.01357 8.92922 7.47669 7.46251 9.56573 7.29786 9.53441 9.52396 7.64648 7.17853
threshold=0.5000000149011613 3.1347119808197026 1.195100009441376 2.1000000238418584 1.415650010108948 0.58571431040763866 0.90104165673255932 0.43650794029235845 4.2513301372528085 0.39285714924335485 2.9479166269302373 0.587669998407364 0.55673071742057811 2.6714285612106328 -12.499999999999998 0.63571429252624523 0.16283643245697024 0.47258922457695013 3.368571519851685 1.1018943190574648 2.5000000000000004 0.70714285969734203 0.97806984186172496 0.43650794029235845 -0.49676001071929926 0.87857142090797435 1.1500000357627871 1.4890537858009341 0.84201389551162731 1.218855679035187
decision_type=2 10 8 2 10 2 2 2 10 2 2 10 10 2 2 2 8 10 10 10 2 2 2 2 8 2 2 2 2 10
left_child=1 2 -1 -4 -3 6 -2 -7 9 -9 -11 12 13 14 22 16 -16 -14 19 20 -17 -22 -12 24 -18 28 27 -27 -13 -20
right_child=5 4 3 -5 -6 7 -8 8 -10 10 11 25 17 -15 15 18 23 -19 29 -21 21 -23 -24 -25 -26 26 -28 -29 -30 -31
leaf_value=-0.03479298772756808 -0.016070030967906625 0.0046698114802802863 0.005042823987769761 -0.049161459296251292 0.039304750942615936 -0.042389267621224268 -0.068731861919929943 0.020120021522729532 0.029108956079888088 0.017377322682240376 -0.056091945396725379 0.001516553080500708 0.073288204328318923 0.037175341579300948 -0.02986986536614844 -0.037507938653609955 0.039533250779070828 0.0080862935164250464 0.047415398120302696 -0.059772393112201949 -0.0097637879722873768 -0.037136396521165342 -0.007143082134473986 0.024234807206623223 -0.01782149181661186 -0.072946807252942447 -0.017832721593247974 -0.015497134914554261 -0.036597773262361848 -0.0010649143875302025
leaf_weight=24.053131908178329 30.371023565530777 48.237938106060028 155.46886214613914 9.3905882537364942 36.76606497168541 19.340685829520226 12.285527199506758 28.370040565729141 19.569788306951523 27.002785623073578 19.882778391242027 44.199288368225098 8.6957209110260028 9.706716448068617 14.672445863485335 33.568376109004021 9.4466017186641675 11.079183012247084 9.1271895319223386 10.496278971433638 668.19105614721775 31.183916673064232 12.838656559586523 49.535153582692146 31.547563314437866 21.329775616526604 44.655413672327995 10.901028946042059 18.737660259008408 46.723973944783211
leaf_count=104 133 220 700 40 174 83 51 130 91 123 84 198 42 45 64 145 44 50 43 44 2965 134 57 228 139 89 197 48 81 211
internal_value=-0.00741947 0.00421957 -0.00272366 0.00195528 0.0196502 -0.00998338 -0.0312372 -0.00922838 -0.00868553 -0.0093221 -0.010059 -0.0107285 -0.0090322 -0.00998845 -0.0104769 -0.00952153 0.00545087 0.0367579 -0.0114922 -0.0128707 -0.0121991 -0.0109843 -0.0368863 0.0111754 -0.0046048 -0.0224564 -0.0327913 -0.0535163 -0.00983089 0.00685773
internal_weight=1517.38 273.917 188.913 164.859 85.004 1243.46 42.6566 1200.8 1181.46 1161.89 1133.52 1106.52 966.696 946.921 937.214 904.493 105.202 19.7749 799.291 743.44 732.943 699.375 32.7214 90.5293 40.9942 139.823 76.8862 32.2308 62.9369 55.8512
internal_count=6757 1238 844 740 394 5519 184 5335 5252 5161 5031 4908 4295 4203 4158 4017 475 92 3542 3288 3244 3099 141 411 183 613 334 137 279 254
is_linear=0
shrinkage=0.05


end of trees

feature_importances:
away_form10_goalsAgainstAvg10=7
home_form10_goalsForWAvg10=7
derived_expectedGoalsAsym10=7
away_form5_goalsForWAvg5=5
home_form10_pointsWAvg10=5
derived_expectedGoalsTotalW10=5
home_restDays=4
derived_restGap=4
home_form5_goalsAgainstWAvg5=4
away_form5_goalsAgainstWAvg5=4
home_form10_goalsForAvg10=4
home_form10_lossRate10=4
away_form10_pointsWAvg10=4
away_form10_goalsAgainstWAvg10=4
away_xg5_xgAgainstAvg5=4
derived_expectedGoalsTotal5=4
derived_positionGap=3
away_restDays=3
home_form5_pointsWAvg5=3
home_form5_goalsForWAvg5=3
home_form10_ftsRate10=3
away_form10_csRate10=3
away_form10_goalsForWAvg10=3
home_xg5_xgForAvg5=3
home_xg5_xgDiffAvg5=3
home_xg5_xgAgainstWAvg5=3
away_xg5_xgForAvg5=3
away_xg5_xgForWAvg5=3
away_xg5_xgDiffWAvg5=3
home_xg10_xgDiffAvg10=3
home_xg10_xgForWAvg10=3
away_xg10_xgAgainstWAvg10=3
derived_pointsGapW5=3
derived_expectedGoalsTotalW5=3
derived_bttsSuppress5=3
home_form5_drawRate5=2
away_form5_goalsForAvg5=2
away_form5_pointsWAvg5=2
home_form10_winRate10=2
away_form10_goalsForAvg10=2
away_form10_winRate10=2
away_xg5_xgAgainstWAvg5=2
home_xg10_xgForAvg10=2
home_xg10_xgAgainstWAvg10=2
away_xg10_xgForAvg10=2
away_xg10_xgDiffAvg10=2
derived_goalsAgainstGap5=2
derived_expectedGoalsAsymW5=2
derived_expectedGoalsAsymW10=2
home_position=1
home_form5_pointsAvg5=1
away_form5_ftsRate5=1
home_form10_pointsAvg10=1
home_form10_goalsAgainstAvg10=1
away_form10_pointsAvg10=1
away_form10_ftsRate10=1
home_form10_goalsAgainstWAvg10=1
home_xg5_xgAgainstAvg5=1
home_xg5_xgForWAvg5=1
home_xg5_xgDiffWAvg5=1
home_xg10_xgAgainstAvg10=1
away_xg10_xgAgainstAvg10=1
away_xg10_xgForWAvg10=1
away_xg10_xgDiffWAvg10=1
derived_goalForGapW5=1
derived_goalsAgainstGapW5=1
derived_expectedGoalsTotal10=1
lg_384=1

parameters:
[boosting: gbdt]
[objective: binary]
[metric: binary_logloss]
[tree_learner: serial]
[device_type: cpu]
[data_sample_strategy: bagging]
[data: ]
[valid: ]
[num_iterations: 2000]
[learning_rate: 0.05]
[num_leaves: 31]
[num_threads: 0]
[seed: 42]
[deterministic: 0]
[force_col_wise: 0]
[force_row_wise: 0]
[histogram_pool_size: -1]
[max_depth: -1]
[min_data_in_leaf: 40]
[min_sum_hessian_in_leaf: 0.001]
[bagging_fraction: 0.9]
[pos_bagging_fraction: 1]
[neg_bagging_fraction: 1]
[bagging_freq: 1]
[bagging_seed: 400]
[bagging_by_query: 0]
[feature_fraction: 0.9]
[feature_fraction_bynode: 1]
[feature_fraction_seed: 30056]
[extra_trees: 0]
[extra_seed: 12879]
[early_stopping_round: 0]
[early_stopping_min_delta: 0]
[first_metric_only: 0]
[max_delta_step: 0]
[lambda_l1: 0]
[lambda_l2: 0]
[linear_lambda: 0]
[min_gain_to_split: 0]
[drop_rate: 0.1]
[max_drop: 50]
[skip_drop: 0.5]
[xgboost_dart_mode: 0]
[uniform_drop: 0]
[drop_seed: 17869]
[top_rate: 0.2]
[other_rate: 0.1]
[min_data_per_group: 100]
[max_cat_threshold: 32]
[cat_l2: 10]
[cat_smooth: 10]
[max_cat_to_onehot: 4]
[top_k: 20]
[monotone_constraints: ]
[monotone_constraints_method: basic]
[monotone_penalty: 0]
[feature_contri: ]
[forcedsplits_filename: ]
[refit_decay_rate: 0.9]
[cegb_tradeoff: 1]
[cegb_penalty_split: 0]
[cegb_penalty_feature_lazy: ]
[cegb_penalty_feature_coupled: ]
[path_smooth: 0]
[interaction_constraints: ]
[verbosity: -1]
[saved_feature_importance_type: 0]
[use_quantized_grad: 0]
[num_grad_quant_bins: 4]
[quant_train_renew_leaf: 0]
[stochastic_rounding: 1]
[linear_tree: 0]
[max_bin: 255]
[max_bin_by_feature: ]
[min_data_in_bin: 3]
[bin_construct_sample_cnt: 200000]
[data_random_seed: 175]
[is_enable_sparse: 1]
[enable_bundle: 1]
[use_missing: 1]
[zero_as_missing: 0]
[feature_pre_filter: 1]
[pre_partition: 0]
[two_round: 0]
[header: 0]
[label_column: ]
[weight_column: ]
[group_column: ]
[ignore_column: ]
[categorical_feature: ]
[forcedbins_filename: ]
[precise_float_parser: 0]
[parser_config_file: ]
[objective_seed: 16083]
[num_class: 1]
[is_unbalance: 0]
[scale_pos_weight: 0.825601]
[sigmoid: 1]
[boost_from_average: 1]
[reg_sqrt: 0]
[alpha: 0.9]
[fair_c: 1]
[poisson_max_delta_step: 0.7]
[tweedie_variance_power: 1.5]
[lambdarank_truncation_level: 30]
[lambdarank_norm: 1]
[label_gain: ]
[lambdarank_position_bias_regularization: 0]
[eval_at: ]
[multi_error_top_k: 1]
[auc_mu_weights: ]
[num_machines: 1]
[local_listen_port: 12400]
[time_out: 120]
[machine_list_filename: ]
[machines: ]
[gpu_platform_id: -1]
[gpu_device_id: -1]
[gpu_use_dp: 0]
[num_gpu: 1]

end of parameters

pandas_categorical:null
